!
! This datafile is a successor of the Dataset 130.
! H1 Collaboration, DESY
!
&Data
   Name  = 'CC em LH HERA II'
   NData =  29                        ! Number of data points
   NColumn =  28                       ! Number of all columns
   ColumnType = 3*'Bin','Sigma',24*'Error'
   ColumnName = 'Q2','x', 'y','x-section','stat',2*'ignore', 'uncor',2*'ignore', 'V3','H3','N3','B2',
		12*'ignore','LUMI_HERAII_beta_500', 'L10' 
   NInfo    = 7
   DataInfo = 0.,  318.,        -1.,         -0.258444,        2.64,   0.59,    0.53
   CInfo    = 'reduced', 'sqrt(S)','e charge','e polarity', 'pol err unc', 'pol err corLpol', 'pol err corTpol'

   IndexDataset = 130

   Reaction = 'CC e+-p'
   Percent = 24*true

!!     Q2     x       y        sigma      stat    syst    tot    uncor   unHadE   
!corr  corVap+ corHadE+  corN+ PythSub+ uncTr+  uncVer+ uncBGF+  QEDr    Ndata     N_MC   N_bgr d-b/s    sigma_MC     ACC    PUR     STA 
! lumi, norm
&END
    300  0.0080  0.3692 2.04618        40.65   28.97   49.91   23.43   -1.61   17.03   15.50    0.29   -0.99   -5.77   23.29    1.50    1.00    0.66     40.0     21.9   12.0  1.279   1.5712e+00   16.9   33.5   32.3   2.3 1.5
    300  0.0130  0.2272 0.939197       14.44   14.65   20.56   10.84   -2.73    9.84    9.35   -0.91   -0.35   -1.18   10.27    1.73    1.00    0.67     77.0     61.9   16.2  0.983   9.3877e-01   35.6   43.8   45.9   2.3 1.5
    300  0.0320  0.0923 0.31048        13.96    7.63   15.91    5.26   -1.97    5.50    4.68   -0.45    0.40   -2.36    3.61    2.93    1.32    0.67    114.0    106.0   11.7  0.965   3.1591e-01   65.4   47.5   57.0   2.3 1.5
    300  0.0800  0.0369 0.0790457      13.49    7.40   15.39    5.14   -2.77    5.30    1.42   -0.41   -4.27   -1.88    2.30    3.00    2.00    0.73     65.0     74.3    5.2  0.805   9.6491e-02   64.2   46.2   54.1   2.3 1.5
    500  0.0130  0.3787 0.803854        9.79   11.23   14.90    7.10   -2.26    8.69    8.53   -0.45   -0.64   -0.53    6.45    1.50    1.00    0.71    116.0    112.6    6.0  0.977   8.0857e-01   43.2   40.4   41.8   2.3 1.5
    500  0.0320  0.1538 0.254103        8.07    4.57    9.27    3.22   -1.53    3.21    2.89   -0.66    0.11   -0.23    1.57    2.02    1.00    0.71    164.0    185.5    5.2  0.856   2.9167e-01   73.9   47.3   53.1   2.3 1.5
    500  0.0800  0.0615 0.0632178       9.32    4.56   10.37    4.22   -2.37    1.67    0.79   -0.60   -0.24   -0.12    0.68    3.00    1.49    0.71    118.0    169.9    1.4  0.687   9.0459e-02   83.8   48.1   53.5   2.3 1.5
    500  0.1300  0.0379 0.0351159      21.41   13.74   25.44    5.31    0.80   12.66    0.05    0.62  -12.27   -0.00    3.73    3.00    2.00    0.82     22.0     30.2    0.1  0.726   4.7495e-02   27.4   47.8   36.2   2.3 1.5
   1000  0.0130  0.7574 0.484711       10.16    9.73   14.07    5.67   -1.69    7.89    7.73   -0.77    0.08   -0.47    5.05    1.50    1.00    0.74    106.0    120.9    4.6  0.838   5.6794e-01   41.7   35.7   38.9   2.3 1.5
   1000  0.0320  0.3077 0.233967        6.18    3.64    7.18    2.84   -1.78    2.23    1.93   -0.43    0.31   -0.07    1.04    1.50    1.00    0.75    266.0    270.0    2.3  0.977   2.3533e-01   74.8   45.9   50.2   2.3 1.5
   1000  0.0800  0.1231 0.0722302       6.41    3.30    7.21    2.93   -1.06    1.44    0.37   -0.37    0.87   -0.06    0.24    2.42    1.02    0.73    246.0    266.1    1.3  0.920   7.7130e-02   85.3   51.4   54.5   2.3 1.5
   1000  0.1300  0.0757 0.0342608      10.95    5.61   12.31    3.84   -1.47    4.06    0.04   -0.11   -3.71   -0.04    0.77    3.00    1.56    0.77     84.0    101.0    0.3  0.828   4.0622e-02   52.9   52.1   46.4   2.3 1.5
   2000  0.0320  0.6154 0.150786        5.85    3.40    6.77    2.58   -1.05    2.17    1.88   -0.38   -0.40   -0.00    1.27    1.50    1.00    0.82    295.0    313.4    1.4  0.937   1.5812e-01   69.8   40.1   43.7   2.3 1.5
   2000  0.0800  0.2461 0.058363        5.24    2.42    5.77    2.08   -0.48    1.13    0.09   -0.11    0.72   -0.02    0.22    1.55    1.00    0.80    367.0    366.3    1.6  0.998   5.7474e-02   85.9   52.2   56.6   2.3 1.5
   2000  0.1300  0.1515 0.0295678       7.43    3.34    8.15    3.06   -0.94    1.25   -0.01   -0.36   -0.31   -0.00    0.25    2.61    1.02    0.77    182.0    192.5    0.4  0.943   3.0789e-02   70.1   52.1   48.4   2.3 1.5
   2000  0.2500  0.0788 0.010743       14.60   10.19   17.81    4.04    0.57    9.34    0.00    0.37   -9.07   -0.00    2.03    3.00    1.46    0.86     47.0     51.5    0.1  0.911   1.1580e-02   25.7   56.6   43.5   2.3 1.5
   3000  0.0800  0.3692 0.0404258       5.17    2.43    5.71    2.05   -0.25    1.21   -0.07    0.15    0.89   -0.02    0.22    1.50    1.00    0.92    378.0    418.7    1.8  0.898   4.4201e-02   80.5   47.0   50.0   2.3 1.5
   3000  0.1300  0.2272 0.0237886       6.11    2.47    6.59    2.06   -0.28    1.26   -0.02   -0.09    0.81   -0.02    0.20    1.56    1.00    0.83    269.0    277.0    0.6  0.969   2.4123e-02   79.9   52.9   53.2   2.3 1.5
   3000  0.2500  0.1181 0.0087377       9.18    3.84    9.95    2.88    0.54    2.50    0.00    0.16   -2.06   -0.25    0.43    2.47    1.01    0.83    121.0    126.8    1.2  0.945   9.0810e-03   50.0   57.2   50.2   2.3 1.5
   5000  0.0800  0.6154 0.0265861       6.58    2.91    7.19    2.36    0.91    1.54    0.08    0.27    1.10   -0.00    0.31    1.50    1.00    1.18    233.0    251.2    0.9  0.924   2.8273e-02   75.4   34.9   39.1   2.3 1.5
   5000  0.1300  0.3787 0.0158737       5.83    2.54    6.36    2.10   -0.16    1.19   -0.03    0.13    0.71   -0.00    0.17    1.50    1.00    1.05    295.0    300.2    0.5  0.981   1.5895e-02   82.9   49.8   52.3   2.3 1.5
   5000  0.2500  0.1969 0.00613549      7.11    2.95    7.69    2.54    1.49    1.25   -0.01    0.37    0.36   -0.06    0.10    1.54    1.00    0.92    199.0    198.6    0.5  0.999   6.0312e-03   70.5   55.7   52.8   2.3 1.5
   5000  0.4000  0.1231 0.00186579     19.25    9.55   21.49    5.17    4.48    7.98    0.00    0.89   -7.38   -0.00    0.10    2.16    1.00    1.00     27.0     29.5    0.0  0.914   2.0060e-03   23.1   60.4   38.1   2.3 1.5
   8000  0.1300  0.6059 0.0106605       7.12    4.41    8.38    3.60    2.72    2.35   -0.06    0.97    1.77   -0.00    0.23    1.50    1.00    1.49    198.0    181.4    0.4  1.089   9.6155e-03   70.9   39.9   40.0   2.3 1.5
   8000  0.2500  0.3151 0.00326025      7.28    3.64    8.14    3.03    2.09    1.74   -0.02    0.56    1.22   -0.00    0.10    1.50    1.00    1.26    189.0    217.9    0.2  0.867   3.6946e-03   82.8   51.7   53.9   2.3 1.5
   8000  0.4000  0.1969 0.00132829     13.37    6.23   14.75    5.54    5.10    2.68    0.00    1.42   -0.84   -0.00    0.35    1.51    1.00    1.15     56.0     52.2    0.0  1.073   1.2161e-03   45.0   61.0   45.5   2.3 1.5
  15000  0.2500  0.5907 0.00195517      8.40    6.19   10.44    5.42    4.73    2.82    0.03    1.25    2.06   -0.00    0.10    1.50    1.00    1.92    142.0    119.5    0.2  1.187   1.6184e-03   75.7   44.0   46.2   2.3 1.5
  15000  0.4000  0.3692 0.000490208    11.05    6.98   13.07    6.25    5.74    2.94    0.00    1.85    1.49   -0.00    0.10    1.50    1.00    1.70     82.0     89.7    0.1  0.914   5.2702e-04   87.7   48.9   55.7   2.3 1.5
  30000  0.4000  0.7384 0.000204038    17.18   11.81   20.85   10.24    9.70    5.81    0.00    3.15    3.93   -0.00    0.10    1.50    1.00    2.72     34.0     29.4    0.1  1.155   1.7348e-04   97.4   29.2   40.1   2.3 1.5
																																																																																																												 
