!
! This datafile is a successor of the Dataset 9.
! H1 Collaboration, DESY
!
&Data
   Name  = 'data 9 CC zz'
   NData =  28                         ! Number of data points
   NColumn =  13                       ! Number of all columns
   ColumnType = 3*'Bin','Sigma',9*'Error'
   ColumnName = 'x','y', 'Q2','reduced x-section', 'stat','uncor','ignore', 'corlum', 'V2','H2','N1','B2', 'xlum_5'

   NInfo    = 4
   DataInfo =  318.,        +1.,         0.,      0.
   CInfo    = 'sqrt(S)','e charge','e polarity','reduced'

   IndexDataset = 9

   Reaction = 'CC e+-p'

   Percent = 2*false, 7*true

&END
0.1300000E-01 0.2280328E+00 0.3000000E+03 0.7033200E+00 0.1427740E+00 0.0576721 0.1653176E+00 0.5 6.7 -2.2 -0.3 -4.9 1.41421
0.3200000E-01 0.9263834E-01 0.3000000E+03 0.2825700E+00 0.3871209E-01 0.0129982 0.4212663E-01 0.5 2.6 -1.4 1.0 -2.1 1.41421
0.8000000E-01 0.3705534E-01 0.3000000E+03 0.5846700E-01 0.1110873E-01 0.00350803 0.1193085E-01 0.5 1.0 -2.4 1.6 -3.2 1.41421
0.1300000E-01 0.3800547E+00 0.5000000E+03 0.5703800E+00 0.8327547E-01 0.0370747 0.9643639E-01 0.5 4.9 -1.4 0.4 -1.8 1.41421
0.3200000E-01 0.1543972E+00 0.5000000E+03 0.1887400E+00 0.2283754E-01 0.00736086 0.2455434E-01 0.5 1.8 -1.1 0.8 -1.6 1.41421
0.8000000E-01 0.6175889E-01 0.5000000E+03 0.4652800E-01 0.6234752E-02 0.00186112 0.6564572E-02 0.5 0.4 -0.7 1.9 -0.1 1.41421
0.1300000E+00 0.3800547E-01 0.5000000E+03 0.1936400E-01 0.4860364E-02 0.0012393 0.5054931E-02 0.5 0.2 -1.6 -2.2 -0.9 1.41421
0.3200000E-01 0.3087944E+00 0.1000000E+04 0.1206400E+00 0.1266720E-01 0.00458433 0.1388671E-01 0.5 1.9 -1.3 0.4 -0.8 1.41421
0.8000000E-01 0.1235178E+00 0.1000000E+04 0.4058900E-01 0.4140078E-02 0.00133944 0.4388307E-02 0.5 0.6 -0.7 0.8 0.0 1.41421
0.1300000E+00 0.7601095E-01 0.1000000E+04 0.1617800E-01 0.2669370E-02 0.000954503 0.2848477E-02 0.5 0.3 0.5 0.7 0.0 1.41421
0.2500000E+00 0.3952569E-01 0.1000000E+04 0.7941200E-02 0.1866182E-02 0.00127853 0.2295350E-02 0.5 0.0 2.4 -4.2 0.0 1.41421
0.3200000E-01 0.6175889E+00 0.2000000E+04 0.7621800E-01 0.7469364E-02 0.00304872 0.8240361E-02 0.5 2.1 0.1 0.8 -0.2 1.41421
0.8000000E-01 0.2470356E+00 0.2000000E+04 0.2279500E-01 0.2256705E-02 0.000820618 0.2418957E-02 0.5 0.8 -0.8 0.4 0.0 1.41421
0.1300000E+00 0.1520219E+00 0.2000000E+04 0.1675500E-01 0.1859805E-02 0.000871261 0.2096050E-02 0.5 0.1 -1.3 2.2 0.0 1.41421
0.2500000E+00 0.7905138E-01 0.2000000E+04 0.3367100E-02 0.6195464E-03 0.00023233 0.6668983E-03 0.5 0.0 -1.4 -1.5 0.0 1.41421
0.8000000E-01 0.3705534E+00 0.3000000E+04 0.2005300E-01 0.1744611E-02 0.000842225 0.1947723E-02 0.5 0.9 0.9 0.2 0.0 1.41421
0.1300000E+00 0.2280328E+00 0.3000000E+04 0.1073900E-01 0.1149073E-02 0.000408082 0.1246881E-02 0.5 0.2 1.2 1.7 0.0 1.41421
0.2500000E+00 0.1185771E+00 0.3000000E+04 0.2508800E-02 0.4089344E-03 0.000150528 0.4367114E-03 0.5 0.1 1.0 -0.4 0.0 1.41421
0.4000000E+00 0.7411067E-01 0.3000000E+04 0.5307700E-03 0.2006311E-03 7.53693e-05 0.2202855E-03 0.5 0.0 1.8 -9.4 0.0 1.41421
0.8000000E-01 0.6175889E+00 0.5000000E+04 0.8415600E-02 0.1161353E-02 0.00049652 0.1347153E-02 0.5 1.4 3.8 3.8 0.0 1.41421
0.1300000E+00 0.3800547E+00 0.5000000E+04 0.5302700E-02 0.6522321E-03 0.000270438 0.7163553E-03 0.5 0.4 2.2 0.5 0.0 1.41421
0.2500000E+00 0.1976285E+00 0.5000000E+04 0.1920200E-02 0.2726684E-03 0.000101771 0.2939474E-03 0.5 0.1 1.4 0.9 0.0 1.41421
0.4000000E+00 0.1235178E+00 0.5000000E+04 0.2614800E-03 0.8707283E-04 2.48406e-05 0.9126589E-04 0.5 0.0 4.5 -0.5 0.0 1.41421
0.1300000E+00 0.6080876E+00 0.8000000E+04 0.1781600E-02 0.3616648E-03 0.000203102 0.4258956E-03 0.5 0.6 4.7 2.7 0.0 1.41421
0.2500000E+00 0.3162055E+00 0.8000000E+04 0.9025000E-03 0.1561325E-03 8.57374e-05 0.1850675E-03 0.5 0.0 5.3 2.2 0.0 1.41421
0.4000000E+00 0.1976285E+00 0.8000000E+04 0.1522000E-03 0.6209760E-04 3.83544e-05 0.7366873E-04 0.5 0.0 6.6 0.2 0.0 1.41421
0.2500000E+00 0.5928854E+00 0.1500000E+05 0.1258300E-03 0.4756374E-04 1.88745e-05 0.5184577E-04 0.5 0.3 6.5 1.7 0.0 1.41421
0.4000000E+00 0.3705533E+00 0.1500000E+05 0.1169100E-03 0.3367008E-04 2.57202e-05 0.4326065E-04 0.5 0.0 7.4 1.3 0.0 1.41421
