!
! This datafile is a successor of the Dataset 137.
! H1 Collaboration, DESY
!
&Data
   Name  = 'NC ep RH HERA II'
   NData =  138                        ! Number of data points
   NColumn =  35                       ! Number of all columns
   ColumnType = 3*'Bin','Sigma',31*'Error'
   ColumnName = 'Q2','x', 'y','x-section','stat',2*'ignore', 'uncor',3*'ignore', 'E3','T4','H3','N2','ignore', 'B2',3*'ignore',
                13*'ignore','LUMI_HERAII_beta_500', 'L9'
   NInfo    = 7
   DataInfo =  1., 	  318.,        1.,       0.324957, 	1.99,   	0.48,   	0.37
   CInfo    = 'reduced', 'sqrt(S)','e charge','e polarity', 'pol err unc', 'pol err corLpol', 'pol err corTpol'

   IndexDataset = 137

   Reaction = 'NC e+-p'
   Percent = 31*true
!//  Q^2         x       y   sigma meas    stat     sys     tot     unc   uncE+ uncHaE+    corr
!  corE+  corTh+ corHaE+ corNoi+ corHTh+ corBkg+ uncEId+ unTrig+ corChA+
! uncVtx+   QEDr+     Ndat      Nmc    Nbg  DWrCh  NPhot MCstat    dmc         theo    acc    pur   stab

&END
    120  0.002000  0.5907 1.35129        0.87    1.38    1.63    0.82   -0.33    0.08    1.11   -0.22   -0.70    0.02    0.19   -0.00   -0.81    0.20    0.35    0.00    0.20    0.31  14069.0  13852.4  436.5    0.0  374.4   0.46  0.984   1.3488e+00   64.9   74.4   80.1  2.3 1.5
    120  0.003200  0.3692 1.19035        1.27    1.52    1.98    1.24   -0.91    0.04    0.88   -0.60   -0.61    0.01    0.16    0.00   -0.12    0.20    0.35    0.00    0.20    0.31   6362.0   6505.8   41.4    0.0   25.7   0.61  0.972   1.2035e+00   22.9   62.1   63.3  2.3 1.5
    150  0.003200  0.4615 1.22191        0.74    1.14    1.36    0.84   -0.49    0.06    0.77   -0.38   -0.53    0.01    0.16    0.00   -0.38    0.20    0.35    0.00    0.20    0.31  19134.0  19346.9  315.3    0.0  245.5   0.34  0.973   1.2340e+00   79.7   74.7   78.7  2.3 1.5
    150  0.005000  0.2954 1.09476        0.88    1.32    1.59    1.06   -0.78    0.00    0.79   -0.43   -0.66    0.00    0.03    0.00   -0.03    0.20    0.35    0.00    0.20    0.32  13051.0  13098.9   35.0    0.0   12.4   0.41  0.994   1.0823e+00   61.9   65.5   68.3  2.3 1.5
    200  0.003200  0.6154 1.22252        1.40    1.23    1.86    0.85   -0.12    0.08    0.88   -0.11   -0.62    0.02    0.17   -0.00   -0.60    0.20    0.35    0.00    0.20    0.31   5460.0   5569.8  131.9    0.0  110.9   0.61  0.957   1.2553e+00   81.3   71.0   75.1  2.3 1.5
    200  0.005000  0.3938 1.09231        0.97    1.16    1.51    0.89   -0.55    0.04    0.74   -0.39   -0.61    0.01    0.12   -0.00   -0.07    0.20    0.35    0.00    0.20    0.31  10747.0  11135.6   53.3    0.0   27.8   0.39  0.960   1.1173e+00   84.9   66.8   68.5  2.3 1.5
    200  0.008000  0.2461 0.949356       0.98    1.60    1.87    1.25   -1.01    0.00    1.00   -0.58   -0.82    0.00    0.00    0.00   -0.00    0.20    0.35    0.00    0.20    0.33  10528.0  10809.1   15.7    0.0    1.1   0.43  0.973   9.5890e-01   86.4   59.7   61.2  2.3 1.5
    250  0.005000  0.4923 1.12133        1.13    1.03    1.53    0.78   -0.29    0.06    0.67   -0.28   -0.47    0.01    0.16   -0.00   -0.34    0.20    0.35    0.00    0.20    0.31   8188.0   8329.3  121.1    0.0   94.9   0.43  0.968   1.1373e+00   81.2   76.4   79.7  2.3 1.5
    250  0.008000  0.3077 0.958223       1.10    1.21    1.63    0.97   -0.64    0.01    0.72   -0.56   -0.45    0.00    0.03    0.00   -0.01    0.20    0.35    0.00    0.20    0.33   8318.0   8650.2   18.4    0.0    3.9   0.42  0.959   9.8106e-01   89.6   66.0   67.9  2.3 1.5
    300  0.005000  0.5907 1.13741        1.94    1.17    2.27    0.95   -0.31    0.06    0.69   -0.31   -0.36    0.02    0.14   -0.00   -0.48    0.20    0.35    0.00    0.20    0.31   2839.0   2854.6   55.2    0.0   46.0   0.68  0.975   1.1457e+00   72.5   72.5   75.0  2.3 1.5
    300  0.008000  0.3692 0.976517       1.29    1.02    1.64    0.77   -0.24    0.02    0.67   -0.24   -0.62    0.00    0.09   -0.00   -0.05    0.20    0.35    0.00    0.20    0.32   6049.0   6263.9   22.8    0.0   10.2   0.44  0.962   9.9710e-01   83.1   73.7   75.1  2.3 1.5
    300  0.013000  0.2272 0.798071       1.31    1.30    1.85    0.99   -0.64    0.00    0.84   -0.64   -0.54    0.00    0.00    0.00   -0.01    0.20    0.35    0.00    0.20    0.33   5898.0   6316.9   11.3    0.0    2.0   0.47  0.932   8.4125e-01   91.1   66.3   68.5  2.3 1.5
    400  0.008000  0.4923 0.982614       1.60    1.00    1.89    0.81   -0.24    0.06    0.58   -0.25   -0.45    0.01    0.14   -0.00   -0.23    0.20    0.35    0.00    0.20    0.31   3978.0   4140.2   43.6    0.0   32.3   0.51  0.950   1.0157e+00   71.4   75.9   78.2  2.3 1.5
    400  0.013000  0.3029 0.863641       1.49    1.09    1.85    0.88   -0.43    0.01    0.65   -0.42   -0.50   -0.00    0.03   -0.00   -0.01    0.20    0.35    0.00    0.20    0.32   4529.0   4587.8    8.5    0.0    1.6   0.49  0.985   8.6099e-01   83.4   72.6   73.5  2.3 1.5
    400  0.020000  0.1969 0.710126       1.57    1.59    2.23    1.19   -0.88   -0.00    1.05   -0.88   -0.57   -0.00   -0.00   -0.00   -0.00    0.20    0.35    0.00    0.20    0.34   4070.0   4282.9    4.4    0.0    0.0   0.53  0.949   7.3485e-01   87.7   65.6   66.9  2.3 1.5
    500  0.008000  0.6154 0.982299       2.69    1.18    2.94    1.02   -0.31    0.10    0.59   -0.15   -0.47    0.01    0.16    0.00   -0.30    0.20    0.35    0.00    0.20    0.31   1506.0   1571.6   20.1    0.0   15.5   0.78  0.945   1.0206e+00   71.5   69.2   72.1  2.3 1.5
    500  0.013000  0.3787 0.858754       1.85    0.95    2.08    0.83   -0.19    0.01    0.47   -0.13   -0.45    0.01    0.08   -0.00   -0.04    0.20    0.35    0.00    0.20    0.32   2936.0   3031.1   10.1    0.0    3.6   0.55  0.965   8.7390e-01   71.6   71.1   71.2  2.3 1.5
    500  0.020000  0.2461 0.741756       1.89    1.39    2.35    1.09   -0.71    0.00    0.86   -0.70   -0.49    0.00    0.00    0.00   -0.00    0.20    0.35    0.00    0.20    0.33   2971.0   3036.3    5.4    0.0    0.1   0.58  0.977   7.4600e-01   78.9   70.2   70.8  2.3 1.5
    650  0.013000  0.4923 0.840135       2.14    0.96    2.35    0.86   -0.10    0.06    0.44   -0.15   -0.36    0.01    0.14   -0.00   -0.14    0.20    0.35    0.00    0.20    0.31   2215.0   2354.4   17.6    0.0   10.9   0.61  0.933   8.8422e-01   71.9   76.0   77.4  2.3 1.5
    650  0.020000  0.3200 0.726374       2.21    1.18    2.51    1.00   -0.47    0.01    0.62   -0.30   -0.55    0.00    0.03    0.00   -0.02    0.20    0.35    0.00    0.20    0.33   2059.0   2178.4    7.3    0.0    1.6   0.66  0.942   7.5761e-01   72.1   67.0   66.2  2.3 1.5
    650  0.032000  0.2000 0.664713       2.28    1.76    2.88    1.37   -1.00    0.00    1.10   -0.95   -0.56    0.00    0.00    0.00   -0.00    0.20    0.35    0.00    0.20    0.34   2022.0   1956.4    3.9    0.0    0.0   0.71  1.032   6.3300e-01   73.1   63.7   63.5  2.3 1.5
    800  0.013000  0.6059 0.840797       3.47    1.37    3.73    1.24   -0.16    0.09    0.60   -0.32   -0.41    0.03    0.16   -0.00   -0.26    0.20    0.35    0.00    0.20    0.31    851.0    901.8   10.3    0.0    7.7   1.07  0.932   8.8596e-01   70.6   75.7   76.3  2.3 1.5
    800  0.020000  0.3938 0.7041         2.52    1.09    2.75    1.00   -0.38    0.01    0.45   -0.28   -0.34    0.01    0.09    0.00   -0.04    0.20    0.35    0.00    0.20    0.32   1587.0   1745.2    8.7    0.0    2.4   0.71  0.904   7.6479e-01   76.2   71.9   73.5  2.3 1.5
    800  0.032000  0.2461 0.635334       2.60    1.49    2.99    1.26   -0.77   -0.00    0.78   -0.52   -0.59   -0.00   -0.00   -0.00   -0.00    0.20    0.35    0.00    0.20    0.36   1490.0   1522.1    3.6    0.0    0.1   0.80  0.977   6.3912e-01   73.2   62.1   61.1  2.3 1.5
   1000  0.013000  0.7574 0.777569       3.64    2.15    4.22    1.68    0.20    0.22    1.33   -0.09   -0.25    0.04    0.21   -0.00   -1.29    0.58    0.35    0.00    0.21    0.94    853.0    923.1   50.1    0.0   39.7   1.15  0.870   8.7822e-01   53.2   76.3   88.8  2.3 1.5
   1000  0.020000  0.4923 0.72504        2.97    1.12    3.17    0.99   -0.29    0.06    0.52   -0.22   -0.43    0.01    0.15   -0.00   -0.14    0.20    0.35    0.00    0.20    0.34   1159.0   1239.9   11.4    0.0    5.7   0.73  0.926   7.6948e-01   71.3   77.6   78.5  2.3 1.5
   1000  0.032000  0.3077 0.642358       2.86    1.29    3.14    1.16   -0.70    0.00    0.56   -0.47   -0.32   -0.00    0.02   -0.00   -0.00    0.20    0.35    0.00    0.20    0.34   1226.0   1249.2    3.7    0.0    0.0   0.71  0.978   6.4487e-01   77.4   73.1   73.8  2.3 1.5
   1000  0.050000  0.1969 0.538084       3.09    1.66    3.51    1.51   -1.13    0.00    0.70   -0.44   -0.54    0.00    0.00    0.00   -0.00    0.20    0.35    0.00    0.20    0.39   1050.0   1073.5    2.2    0.0    0.0   0.77  0.976   5.4153e-01   76.3   63.6   63.6  2.3 1.5
   1200  0.013000  0.9088 0.868771       5.78    3.24    6.63    2.56   -0.20    0.30    1.98   -0.13   -0.12    0.07    0.24    0.00   -1.96    0.97    0.35    0.00    0.30    1.01    352.0    327.8   27.6    0.0   21.4   2.06  0.990   8.6233e-01   27.6   72.2   74.8  2.3 1.5
   1200  0.020000  0.5907 0.743527       3.64    1.19    3.83    1.12   -0.23    0.07    0.42   -0.21   -0.25    0.02    0.12    0.00   -0.23    0.37    0.35    0.00    0.20    0.60    774.0    804.0   10.7    0.0    6.1   0.70  0.949   7.6932e-01   61.5   77.1   76.8  2.3 1.5
   1200  0.032000  0.3692 0.588058       3.51    1.03    3.65    0.93   -0.40    0.02    0.45   -0.23   -0.39    0.00    0.07    0.00   -0.01    0.20    0.35    0.00    0.20    0.33    822.0    917.8    4.1    0.0    0.4   0.59  0.891   6.4829e-01   74.2   77.8   77.9  2.3 1.5
   1200  0.050000  0.2363 0.511891       3.52    1.52    3.84    1.33   -1.00    0.00    0.74   -0.61   -0.42    0.00    0.00    0.00   -0.01    0.20    0.35    0.00    0.20    0.36    810.0    874.1    2.6    0.0    0.4   0.62  0.924   5.4433e-01   77.3   72.9   73.5  2.3 1.5
   1500  0.020000  0.7384 0.700028       4.63    2.07    5.07    1.84   -0.25    0.22    0.95    0.22   -0.32    0.06    0.20   -0.00   -0.83    0.90    0.35    0.00    0.29    0.95    511.0    541.3   22.5    0.0   15.1   1.15  0.902   7.6194e-01   47.0   78.6   80.0  2.3 1.5
   1500  0.032000  0.4615 0.599928       4.29    1.18    4.45    1.05   -0.46    0.05    0.54   -0.34   -0.40    0.02    0.12   -0.00   -0.02    0.26    0.35    0.00    0.20    0.35    550.0    602.8    3.4    0.0    0.4   0.71  0.907   6.4988e-01   65.0   77.2   77.3  2.3 1.5
   1500  0.050000  0.2954 0.535682       4.00    1.22    4.18    1.11   -0.63    0.00    0.49   -0.35   -0.33   -0.00    0.02   -0.00   -0.00    0.20    0.35    0.00    0.20    0.35    629.0    651.5    2.0    0.0    0.0   0.69  0.962   5.4674e-01   76.0   75.1   75.7  2.3 1.5
   2000  0.021880  0.9000 0.725956       7.48    3.47    8.25    3.03    0.74    0.22    1.71    0.36   -0.20    0.06    0.22   -0.00   -1.64    1.00    0.35    0.00    0.54    1.01    206.0    194.8   14.2    0.0   10.7   2.47  0.985   7.2411e-01   29.7   72.3   74.0  2.3 1.5
   2000  0.032000  0.6154 0.554118       5.24    1.54    5.46    1.47   -0.26    0.10    0.44   -0.14   -0.37    0.03    0.12    0.00   -0.16    0.81    0.35    0.00    0.21    0.69    376.0    438.8    5.9    0.0    2.3   0.86  0.843   6.4533e-01   61.3   78.6   77.9  2.3 1.5
   2000  0.050000  0.3938 0.553222       4.83    1.26    4.99    1.21   -0.25    0.01    0.36   -0.18   -0.31    0.01    0.03   -0.00   -0.00    0.25    0.35    0.00    0.20    0.34    432.0    433.2    1.7    0.0    0.0   1.00  0.993   5.4704e-01   67.7   76.7   76.1  2.3 1.5
   2000  0.080000  0.2461 0.42414        5.03    1.73    5.32    1.54   -1.09    0.00    0.79   -0.53   -0.58    0.00    0.00    0.00   -0.00    0.20    0.35    0.00    0.20    0.47    398.0    433.2    1.1    0.0    0.0   0.84  0.916   4.5473e-01   74.8   72.4   73.0  2.3 1.5
   3000  0.032000  0.9230 0.606382       5.01    2.09    5.43    1.86    0.25    0.14    0.96    0.15   -0.26    0.04    0.13    0.00   -0.90    1.00    0.35    0.00    0.52    0.96    438.0    436.0   20.0    0.0   13.1   1.01  0.959   6.2137e-01   45.9   84.5   84.9  2.3 1.5
   3000  0.050000  0.5907 0.535387       4.22    1.48    4.47    1.42   -0.46    0.08    0.41   -0.21   -0.34    0.01    0.08   -0.00   -0.06    0.89    0.35    0.00    0.23    0.50    572.0    577.5    5.3    0.0    1.2   0.73  0.981   5.3601e-01   67.4   83.7   83.3  2.3 1.5
   3000  0.080000  0.3692 0.464992       4.45    1.37    4.65    1.25   -0.49    0.01    0.57   -0.38   -0.42   -0.00    0.02   -0.00   -0.00    0.56    0.35    0.00    0.20    0.46    509.0    500.2    1.7    0.0    0.0   0.77  1.014   4.5031e-01   64.4   79.3   77.4  2.3 1.5
   3000  0.130000  0.2272 0.350446       5.53    1.72    5.80    1.62   -0.72   -0.00    0.57   -0.43   -0.37   -0.00   -0.00   -0.00   -0.00    0.34    0.35    0.00    0.20    0.97    328.0    351.1    0.8    0.0    0.0   0.93  0.932   3.6933e-01   63.8   69.1   66.8  2.3 1.5
   5000  0.054700  0.9000 0.504562       6.66    2.49    7.11    2.23    0.73    0.13    1.11    0.19   -0.43    0.07    0.11    0.00   -0.99    1.00    0.35    0.00    0.77    0.96    250.0    230.6   12.6    0.0    7.6   1.32  1.029   4.8160e-01   47.1   84.0   85.3  2.3 1.5
   5000  0.080000  0.6154 0.462793       4.98    1.64    5.24    1.59    0.28    0.05    0.40   -0.19   -0.33    0.02    0.07   -0.00   -0.12    1.00    0.35    0.00    0.38    0.57    412.0    378.7    4.5    0.0    1.5   0.90  1.076   4.2238e-01   78.2   85.3   85.0  2.3 1.5
   5000  0.130000  0.3787 0.366246       5.99    1.92    6.29    1.85    0.49    0.00    0.53    0.30   -0.44    0.00    0.02    0.00   -0.00    0.99    0.35    0.00    0.20    0.97    281.0    276.7    0.9    0.0    0.0   1.02  1.012   3.5551e-01   79.9   80.7   80.1  2.3 1.5
   5000  0.180000  0.2735 0.32404        6.59    2.05    6.91    1.99   -0.71    0.00    0.49   -0.35   -0.34    0.00    0.00    0.00   -0.00    0.95    0.35    0.00    0.20    1.03    231.0    221.8    0.5    0.0    0.0   1.14  1.039   3.0637e-01   72.3   75.0   73.5  2.3 1.5
   5000  0.250000  0.1969 0.209932       8.44    2.15    8.71    2.11    0.46    0.00    0.44    0.42   -0.12    0.00    0.00    0.00   -0.00    0.90    0.35    0.00    0.20    1.22    141.0    167.1    0.3    0.0    0.0   1.32  0.842   2.4491e-01   62.8   72.2   65.3  2.3 1.5
   8000  0.087520  0.9000 0.430319      10.53    3.42   11.07    3.08    0.73    0.09    1.49    0.25   -0.25    0.03    0.09    0.00   -1.45    1.00    0.35    0.00    1.00    1.00    103.0     82.0    6.6    0.0    4.0   2.19  1.175   3.5967e-01   44.8   79.5   81.4  2.3 1.5
   8000  0.130000  0.6059 0.316893       9.01    2.56    9.37    2.53   -0.30    0.06    0.39   -0.16   -0.24    0.01    0.09    0.00   -0.25    1.00    0.35    0.00    0.84    1.01    128.0    127.2    2.4    0.0    1.0   1.58  0.987   3.1548e-01   78.0   83.0   81.6  2.3 1.5
   8000  0.180000  0.4376 0.289224       9.01    2.51    9.36    2.42    0.34    0.00    0.68    0.22   -0.64    0.00    0.01    0.00   -0.00    1.00    0.35    0.00    0.52    1.02    124.0    122.5    0.5    0.0    0.0   1.52  1.008   2.8177e-01   84.4   82.7   81.9  2.3 1.5
   8000  0.250000  0.3151 0.22171       13.15    2.55   13.40    2.50    0.22    0.00    0.52    0.45   -0.26    0.00    0.00    0.00   -0.00    1.00    0.35    0.00    0.31    1.21    107.0    113.6    0.3    0.0    0.0   1.59  0.940   2.3177e-01   83.8   81.3   79.5  2.3 1.5
   8000  0.400000  0.1969 0.0997345     13.63    4.74   14.43    4.43    3.07   -0.00    1.67    1.61    0.43   -0.00   -0.00   -0.00   -0.00    1.00    0.35    0.00    0.20    1.94     54.0     66.7    0.1    0.0    0.0   2.08  0.808   1.2120e-01   79.2   79.3   73.5  2.3 1.5
  12000  0.130000  0.9088 0.2149        27.73    5.87   28.35    5.32   -1.04    0.10    2.49   -1.16   -0.65   -0.02    0.09   -0.00   -2.10    1.00    0.35    0.00    1.00    1.02     17.0     18.4    2.1    0.0    1.3   4.79  0.806   2.6179e-01   40.4   67.9   71.2  2.3 1.5
  12000  0.180000  0.6564 0.222535      15.03    2.62   15.26    2.52    0.67    0.07    0.70    0.41   -0.49    0.02    0.08   -0.00   -0.28    1.00    0.35    0.00    1.00    1.02     47.0     49.0    1.4    0.0    0.5   1.32  0.930   2.3505e-01   72.4   81.5   80.9  2.3 1.5
  12000  0.250000  0.4726 0.168866      15.33    2.52   15.54    2.47    0.86    0.03    0.49    0.36   -0.34    0.00    0.03    0.00   -0.00    1.00    0.35    0.00    1.00    1.19     43.0     52.7    0.2    0.0    0.0   0.90  0.811   2.0450e-01   82.9   82.0   79.1  2.3 1.5
  12000  0.400000  0.2954 0.123015      16.94    4.82   17.61    4.56    3.55    0.00    1.56    1.51    0.40    0.00    0.00    0.00   -0.00    1.00    0.35    0.00    0.94    1.98     35.0     32.7    0.1    0.0    0.0   1.13  1.069   1.1304e-01   78.9   84.7   77.9  2.3 1.5
  20000  0.250000  0.7876 0.147193      25.06    3.89   25.36    3.73    2.53    0.10    1.10    0.98    0.36    0.06    0.11   -0.00   -0.30    1.00    0.35    0.00    1.00    1.17     17.0     16.2    0.5    0.0    0.2   1.74  1.018   1.4205e-01   70.1   79.6   79.4  2.3 1.5
  20000  0.400000  0.4923 0.111379      23.67    4.32   24.06    4.25    3.08    0.02    0.79    0.77   -0.19    0.01    0.03    0.00   -0.00    1.00    0.35    0.00    1.00    1.96     18.0     14.9    0.1    0.0    0.0   1.25  1.200   9.1194e-02   84.2   82.4   80.6  2.3 1.5
  20000  0.650000  0.3029 0.00681266    71.00   16.28   72.84   15.42   14.93   -0.00    5.22    4.59    2.49   -0.00   -0.00   -0.00   -0.00    1.00    0.35    0.00    1.00    2.00      2.0      3.5    0.0    0.0    0.0   2.77  0.569   1.1754e-02   93.3   71.3   77.1  2.3 1.5
  30000  0.400000  0.7384 0.0820009     51.28    5.42   51.57    5.30    3.09    0.08    1.15    0.99   -0.54    0.02    0.06    0.00   -0.23    1.00    0.35    0.00    1.00    1.96      4.0      3.0    0.1    0.0    0.0   3.40  1.282   6.2824e-02   67.9   85.3   83.5  2.3 1.5
  30000  0.650000  0.4544 0.0138713     70.94   10.88   71.77   10.44    9.27    0.00    3.06    2.79    1.26    0.00    0.00    0.00   -0.00    1.00    0.34    0.00    1.00    2.00      2.0      1.4    0.0    0.0    0.0   3.99  1.421   9.5919e-03   90.4   80.5   84.0  2.3 1.5
    150  0.008000  0.1846 0.951687       1.22    2.38    2.67    2.00   -1.68   -0.70    1.29   -1.12   -0.56   -0.19   -0.26   -0.00   -0.04    0.20    0.35    0.00    0.20    0.30   6946.0   6876.7   16.3    0.0   10.2   0.57  1.008   9.2771e-01   38.4   41.5   50.6  2.3 1.5
    150  0.013000  0.1136 0.782577       1.71    3.52    3.92    2.72   -2.32   -1.01    2.24   -1.38   -1.43   -0.41   -0.94    0.00   -0.01    0.20    0.35    0.00    0.20    0.30   3411.0   3485.0    4.2    0.0    1.5   0.80  0.978   7.8638e-01   21.5   30.9   43.8  2.3 1.5
    200  0.013000  0.1515 0.797063       1.11    1.07    1.54    0.76   -0.03    0.05    0.75   -0.11   -0.36   -0.07    0.64   -0.00   -0.01    0.20    0.35    0.00    0.20    0.31   8116.0   8387.1    8.9    0.0    1.9   0.49  0.967   8.1001e-01   77.9   50.2   51.8  2.3 1.5
    200  0.020000  0.0985 0.68769        1.22    1.33    1.81    1.09   -0.75    0.04    0.76   -0.46   -0.44   -0.04    0.42    0.00   -0.00    0.20    0.35    0.00    0.20    0.30   6772.0   6974.6    4.9    0.0    0.0   0.54  0.970   6.9625e-01   72.2   49.2   53.7  2.3 1.5
    200  0.032000  0.0615 0.582143       1.40    1.62    2.14    1.37   -0.91   -0.59    0.85   -0.61   -0.56   -0.17    0.14   -0.00   -0.00    0.20    0.35    0.00    0.20    0.31   5205.0   5378.2    3.4    0.0    0.0   0.61  0.967   5.9127e-01   63.1   49.2   53.9  2.3 1.5
    200  0.050000  0.0394 0.501334       1.62    2.52    2.99    1.81   -1.56    0.10    1.75   -0.92   -0.89   -0.11    1.18   -0.00   -0.00    0.20    0.35    0.00    0.20    0.34   3918.0   4044.1    2.2    0.0    0.0   0.70  0.968   5.0860e-01   55.0   48.8   52.1  2.3 1.5
    200  0.080000  0.0246 0.43775        1.77    2.88    3.38    2.07   -1.80   -0.24    2.00   -1.30   -0.64   -0.12    1.37    0.00   -0.00    0.20    0.35    0.00    0.20    0.45   3359.0   3407.2    1.4    0.0    0.0   0.75  0.985   4.3637e-01   52.7   47.6   53.1  2.3 1.5
    200  0.130000  0.0151 0.355221       1.96    2.89    3.50    2.34   -1.75   -0.87    1.70   -0.91   -0.89   -0.32   -1.08   -0.00   -0.00    0.20    0.35    0.00    0.20    0.88   2688.0   2858.6    1.2    0.0    0.0   0.80  0.940   3.7126e-01   44.6   51.5   51.7  2.3 1.5
    200  0.180000  0.0109 0.304759       2.68    3.52    4.43    2.95   -1.52   -1.94    1.93   -0.80   -1.21   -0.34   -1.23   -0.00   -0.00    0.20    0.35    0.00    0.20    1.11   1475.0   1607.9    0.7    0.0    0.0   1.07  0.917   3.2649e-01   28.9   44.3   31.5  2.3 1.5
    250  0.013000  0.1893 0.811672       1.22    1.67    2.07    1.24    0.94    0.25    1.13    0.50   -0.60    0.03    0.81   -0.00   -0.02    0.20    0.35    0.00    0.20    0.31   6801.0   7046.4   12.1    0.0    5.1   0.49  0.963   8.2757e-01   83.0   52.9   52.5  2.3 1.5
    250  0.020000  0.1231 0.7007         1.25    1.70    2.11    1.33    1.08    0.12    1.06    0.51   -0.67   -0.05    0.65   -0.00   -0.01    0.20    0.35    0.00    0.20    0.31   6504.0   6694.6    6.5    0.0    1.3   0.51  0.971   7.0919e-01   87.0   51.2   53.8  2.3 1.5
    250  0.032000  0.0769 0.581756       1.31    1.57    2.05    1.13    0.81   -0.13    1.09    0.35   -0.50   -0.01    0.91   -0.00   -0.00    0.20    0.35    0.00    0.20    0.31   6000.0   6293.2    3.6    0.0    0.0   0.52  0.953   5.9975e-01   91.6   51.3   57.0  2.3 1.5
    250  0.050000  0.0492 0.500734       1.45    1.94    2.42    1.21    0.88    0.15    1.51    0.36   -0.58   -0.06    1.34   -0.00   -0.00    0.20    0.35    0.00    0.20    0.33   4996.0   5214.5    2.3    0.0    0.0   0.57  0.958   5.1362e-01   86.1   51.4   54.0  2.3 1.5
    250  0.080000  0.0308 0.432589       1.46    2.51    2.91    1.07    0.58    0.13    2.28    0.39   -0.57   -0.08    2.17   -0.00   -0.00    0.20    0.35    0.00    0.20    0.44   4685.0   4832.3    1.8    0.0    0.0   0.59  0.969   4.3847e-01   91.7   49.3   55.5  2.3 1.5
    250  0.130000  0.0189 0.357888       1.60    1.95    2.52    1.72    1.12   -0.56    0.93    0.48   -0.54   -0.17   -0.55   -0.00   -0.00    0.20    0.35    0.00    0.20    0.89   4328.0   4565.3    1.5    0.0    0.0   0.60  0.948   3.7096e-01   87.2   53.5   57.6  2.3 1.5
    250  0.180000  0.0137 0.296554       2.20    3.81    4.40    2.99    1.90   -1.81    2.36    1.18   -0.86   -0.41   -1.80    0.00   -0.00    0.20    0.35    0.00    0.20    1.10   2384.0   2657.6    0.9    0.0    0.0   0.79  0.897   3.2486e-01   58.5   50.4   37.6  2.3 1.5
    300  0.020000  0.1477 0.715074       1.44    1.30    1.94    0.98    0.59    0.08    0.85    0.39   -0.47    0.01    0.58    0.00   -0.01    0.20    0.35    0.00    0.20    0.31   5037.0   5151.6    7.1    0.0    2.2   0.53  0.976   7.1944e-01   85.1   55.9   55.7  2.3 1.5
    300  0.032000  0.0923 0.577287       1.51    1.39    2.05    1.09    0.72    0.13    0.86    0.35   -0.49   -0.02    0.62   -0.00   -0.00    0.20    0.35    0.00    0.20    0.31   4461.0   4768.0    3.0    0.0    0.0   0.55  0.935   6.0650e-01   87.4   56.0   57.9  2.3 1.5
    300  0.050000  0.0591 0.492346       1.66    1.76    2.42    1.25    0.92   -0.16    1.23    0.38   -0.48   -0.02    1.07   -0.00   -0.00    0.20    0.35    0.00    0.20    0.32   3707.0   3965.0    2.1    0.0    0.0   0.60  0.934   5.1760e-01   81.8   56.5   55.1  2.3 1.5
    300  0.080000  0.0369 0.437292       1.71    2.63    3.13    1.44    1.10    0.23    2.20    0.54   -0.75   -0.12    1.99   -0.00   -0.01    0.20    0.35    0.00    0.20    0.42   3595.0   3681.2    2.2    0.0    0.7   0.61  0.976   4.4014e-01   88.1   53.1   56.1  2.3 1.5
    300  0.130000  0.0227 0.371427       1.75    2.33    2.92    1.96    1.46   -0.54    1.26    0.70   -0.74   -0.19    0.72    0.00   -0.00    0.20    0.35    0.00    0.20    0.90   3583.0   3639.1    1.6    0.0    0.4   0.61  0.984   3.7073e-01   87.5   56.1   59.1  2.3 1.5
    300  0.180000  0.0164 0.307874       2.26    4.16    4.73    2.92    2.00   -1.57    2.96    1.10   -0.68   -0.26   -2.65    0.00   -0.00    0.20    0.35    0.00    0.20    1.09   2048.0   2190.6    0.7    0.0    0.0   0.79  0.935   3.2360e-01   62.0   57.3   43.2  2.3 1.5
    300  0.400000  0.0074 0.147193       2.95    5.85    6.55    3.64    2.32   -2.11    4.58    1.31   -1.09   -0.49   -4.22   -0.00   -0.00    0.20    0.35    0.00    0.20    1.48   1376.0   1420.2    0.5    0.0    0.0   0.99  0.968   1.4929e-01   81.8   33.5   42.7  2.3 1.5
    400  0.032000  0.1231 0.589015       1.68    1.40    2.19    0.98    0.50    0.21    1.00    0.49   -0.52    0.04    0.69    0.00   -0.01    0.20    0.35    0.00    0.20    0.31   3533.0   3762.4    3.6    0.0    1.0   0.56  0.938   6.1679e-01   88.2   59.6   62.4  2.3 1.5
    400  0.050000  0.0788 0.497242       1.85    1.53    2.40    1.15    0.70   -0.36    1.01    0.68   -0.46   -0.09    0.58   -0.00   -0.00    0.20    0.35    0.00    0.20    0.31   3002.0   3216.5    2.0    0.0    0.2   0.61  0.933   5.2370e-01   84.3   61.0   60.8  2.3 1.5
    400  0.080000  0.0492 0.432558       2.00    2.06    2.87    0.99    0.23    0.35    1.81    0.20   -0.32   -0.08    1.76   -0.00   -0.00    0.20    0.35    0.00    0.20    0.39   2756.0   2869.8    1.7    0.0    0.2   0.64  0.960   4.4273e-01   86.6   59.0   60.0  2.3 1.5
    400  0.130000  0.0303 0.352666       1.94    1.74    2.61    1.38    0.53   -0.42    1.06    0.49   -0.34   -0.09    0.88    0.00   -0.00    0.20    0.35    0.00    0.20    0.90   2745.0   2933.9    1.4    0.0    0.0   0.62  0.935   3.7046e-01   89.5   60.6   63.6  2.3 1.5
    400  0.180000  0.0219 0.30654        2.51    3.79    4.54    2.37    0.99   -1.62    2.95    0.93   -0.50   -0.36   -2.73    0.00   -0.00    0.20    0.35    0.00    0.20    1.08   1747.0   1865.8    0.8    0.0    0.0   0.78  0.936   3.2175e-01   66.7   63.4   50.0  2.3 1.5
    400  0.400000  0.0098 0.143009       3.13    6.20    6.94    3.34    1.40   -2.31    5.22    1.31   -0.80   -0.53   -4.96    0.00   -0.00    0.20    0.35    0.00    0.20    1.59   1021.0   1057.9    0.7    0.0    0.0   1.04  0.964   1.4566e-01   78.9   43.4   50.9  2.3 1.5
    500  0.032000  0.1538 0.610545       1.95    1.30    2.34    1.00    0.40    0.35    0.84    0.39   -0.35    0.08    0.65    0.00   -0.02    0.20    0.35    0.00    0.20    0.32   2652.0   2756.5    4.6    0.0    1.5   0.61  0.960   6.2447e-01   81.5   62.0   64.0  2.3 1.5
    500  0.050000  0.0985 0.532964       2.06    1.57    2.59    1.21    0.75   -0.36    1.01    0.75   -0.49   -0.19    0.41   -0.00   -0.00    0.20    0.35    0.00    0.20    0.31   2457.0   2476.4    2.9    0.0    0.2   0.65  0.991   5.2831e-01   82.1   62.5   63.3  2.3 1.5
    500  0.080000  0.0615 0.449345       2.21    1.97    2.96    1.04    0.34    0.35    1.67    0.34   -0.37    0.10    1.59    0.00   -0.00    0.20    0.35    0.00    0.20    0.38   2147.0   2160.7    2.5    0.0    0.0   0.68  0.993   4.4473e-01   82.3   61.1   61.9  2.3 1.5
    500  0.130000  0.0379 0.372425       2.49    2.21    3.33    1.46    0.74   -0.10    1.66    0.74   -0.61    0.08    1.36   -0.00   -0.00    0.20    0.35    0.00    0.20    0.85   1622.0   1640.2    1.7    0.0    0.0   0.78  0.988   3.7034e-01   89.2   54.5   59.5  2.3 1.5
    500  0.180000  0.0273 0.311152       2.91    2.15    3.61    1.88    0.82   -0.92    1.04    0.82   -0.43   -0.20   -0.44    0.00   -0.00    0.20    0.35    0.00    0.20    1.02   1268.0   1328.0    1.4    0.0    0.0   0.86  0.954   3.2046e-01   83.7   56.0   57.2  2.3 1.5
    500  0.250000  0.0197 0.249756       3.60    5.24    6.36    2.87    1.24   -2.04    4.38    1.24   -0.54   -0.48   -4.14    0.00   -0.00    0.20    0.35    0.00    0.20    1.11    855.0    909.1    0.9    0.0    0.0   1.05  0.940   2.6113e-01   65.5   58.5   46.9  2.3 1.5
    650  0.050000  0.1280 0.529167       2.38    1.40    2.77    1.09    0.54    0.11    0.88    0.61   -0.31    0.05    0.55    0.00   -0.00    0.20    0.35    0.00    0.20    0.32   1764.0   1807.8    2.8    0.0    0.0   0.74  0.974   5.3357e-01   76.5   62.5   64.8  2.3 1.5
    650  0.080000  0.0800 0.435002       2.68    1.81    3.24    1.10    0.43    0.06    1.44    0.44   -0.42    0.06    1.30    0.00   -0.00    0.20    0.35    0.00    0.20    0.37   1477.0   1543.1    2.2    0.0    0.0   0.80  0.956   4.4709e-01   73.2   63.7   62.2  2.3 1.5
    650  0.130000  0.0492 0.386199       3.20    2.15    3.85    1.51    0.70   -0.08    1.54    0.74   -0.34   -0.11    1.29   -0.00   -0.00    0.20    0.35    0.00    0.20    0.85   1201.0   1170.9    1.5    0.0    0.0   0.90  1.024   3.7033e-01   80.6   55.8   59.2  2.3 1.5
    650  0.180000  0.0356 0.345967       3.07    1.85    3.58    1.63    0.52   -0.41    0.87    0.55   -0.38   -0.26    0.49   -0.00   -0.00    0.20    0.35    0.00    0.20    1.02   1063.0    997.1    1.2    0.0    0.0   0.97  1.065   3.1914e-01   80.1   56.1   59.0  2.3 1.5
    650  0.250000  0.0256 0.237703       3.85    4.27    5.75    2.74    1.46   -1.63    3.27    1.46   -0.59   -0.40   -2.84   -0.00   -0.00    0.20    0.35    0.00    0.20    1.12    677.0    749.2    0.8    0.0    0.0   1.12  0.903   2.5871e-01   68.6   60.7   54.3  2.3 1.5
    650  0.400000  0.0160 0.134468       5.35    7.02    8.83    3.95    1.34   -2.84    5.80    1.36   -0.64   -0.64   -5.57   -0.00   -0.00    0.20    0.35    0.00    0.20    1.70    350.0    370.9    0.4    0.0    0.0   1.60  0.942   1.4015e-01   55.2   47.4   36.9  2.3 1.5
    800  0.050000  0.1575 0.529757       2.90    1.39    3.22    1.11    0.20    0.34    0.84    0.30   -0.28    0.16    0.71    0.00   -0.00    0.20    0.35    0.00    0.20    0.32   1279.0   1318.4    2.6    0.0    0.2   0.86  0.968   5.3751e-01   71.7   61.1   61.2  2.3 1.5
    800  0.080000  0.0985 0.447604       3.06    1.65    3.47    1.24    0.43   -0.30    1.09    0.73   -0.34   -0.09    0.73    0.00   -0.00    0.20    0.35    0.00    0.20    0.38   1074.0   1094.7    1.8    0.0    0.0   0.94  0.979   4.4894e-01   67.3   61.2   58.4  2.3 1.5
    800  0.130000  0.0606 0.364057       3.54    2.11    4.12    1.54    0.53   -0.05    1.43    0.68   -0.45   -0.18    1.17    0.00   -0.00    0.20    0.35    0.00    0.20    0.85    801.0    828.4    1.2    0.0    0.0   1.07  0.965   3.7043e-01   71.2   54.6   55.0  2.3 1.5
    800  0.180000  0.0438 0.329537       3.68    2.02    4.19    1.73    0.56   -0.36    1.04    0.75   -0.50   -0.12    0.51    0.00   -0.00    0.20    0.35    0.00    0.20    1.02    742.0    728.6    1.0    0.0    0.0   1.13  1.017   3.1826e-01   73.2   53.9   56.5  2.3 1.5
    800  0.250000  0.0315 0.255772       4.23    3.09    5.24    2.39    0.80   -1.38    1.96    0.92   -0.36   -0.45   -1.63   -0.00   -0.00    0.20    0.35    0.00    0.20    1.14    559.0    571.0    0.7    0.0    0.0   1.27  0.978   2.5699e-01   66.6   59.7   55.7  2.3 1.5
    800  0.400000  0.0197 0.120704       6.45    7.19    9.66    3.98    1.76   -2.44    5.99    1.72   -0.50   -0.58   -5.68    0.00   -0.00    0.20    0.35    0.00    0.20    1.75    241.0    280.3    0.3    0.0    0.0   1.87  0.859   1.3808e-01   54.1   53.7   42.2  2.3 1.5
   1000  0.080000  0.1231 0.452084       3.40    1.27    3.64    1.15    0.38   -0.25    0.55    0.24   -0.20   -0.06    0.44   -0.00   -0.00    0.20    0.35    0.00    0.20    0.36    866.0    877.8    1.6    0.0    0.0   0.86  0.985   4.5094e-01   67.8   63.4   59.4  2.3 1.5
   1000  0.130000  0.0757 0.345865       4.49    1.91    4.88    1.44    0.28    0.20    1.26    0.28    0.09    0.14    1.22   -0.00   -0.00    0.20    0.35    0.00    0.20    0.82    575.0    626.2    1.0    0.0    0.0   1.02  0.917   3.7066e-01   68.8   55.2   52.9  2.3 1.5
   1000  0.180000  0.0547 0.302173       4.35    1.86    4.73    1.59    0.25   -0.29    0.98    0.50   -0.42   -0.30    0.67    0.00   -0.00    0.20    0.35    0.00    0.20    1.01    531.0    567.0    0.9    0.0    0.0   1.06  0.935   3.1748e-01   73.6   54.3   55.8  2.3 1.5
   1000  0.250000  0.0394 0.254032       4.74    2.78    5.49    2.35    1.00   -1.26    1.48    1.06   -0.48   -0.21   -0.89   -0.00   -0.00    0.20    0.35    0.00    0.20    1.14    446.0    455.7    0.6    0.0    0.0   1.18  0.977   2.5533e-01   66.5   58.5   53.6  2.3 1.5
   1000  0.400000  0.0246 0.137186       8.52    6.11   10.49    3.77    1.36   -2.54    4.81    1.50   -0.50   -0.65   -4.49    0.00   -0.00    0.20    0.35    0.00    0.20    1.75    241.0    242.9    0.3    0.0    0.0   1.61  0.991   1.3599e-01   57.3   54.7   44.6  2.3 1.5
   1200  0.080000  0.1477 0.441832       3.76    1.58    4.08    1.35    0.91   -0.20    0.82    0.62   -0.33   -0.12    0.40    0.00   -0.00    0.20    0.35    0.00    0.20    0.36    710.0    738.7    1.4    0.0    0.0   0.76  0.959   4.5245e-01   73.2   66.8   66.4  2.3 1.5
   1200  0.130000  0.0909 0.3625         4.55    1.89    4.93    1.63    1.03   -0.05    0.95    0.63   -0.33   -0.04    0.64   -0.00   -0.00    0.20    0.35    0.00    0.20    0.84    485.0    504.3    0.9    0.0    0.0   0.80  0.960   3.7092e-01   71.5   60.1   58.0  2.3 1.5
   1200  0.180000  0.0656 0.341916       5.25    2.05    5.64    1.60    0.76   -0.23    1.28    0.51   -0.28   -0.11    1.13    0.00   -0.02    0.20    0.35    0.00    0.20    1.01    496.0    467.1    1.1    0.0    0.4   0.82  1.060   3.1698e-01   75.5   59.5   60.4  2.3 1.5
   1200  0.250000  0.0473 0.238355       5.97    2.45    6.45    2.26    1.39   -0.93    0.94    0.77   -0.26   -0.25   -0.38    0.00   -0.00    0.20    0.35    0.00    0.20    1.12    353.0    382.5    0.6    0.0    0.0   0.89  0.921   2.5414e-01   72.6   61.4   59.8  2.3 1.5
   1200  0.400000  0.0295 0.109364       7.57    7.38   10.58    4.67    2.83   -2.99    5.72    1.85   -0.52   -0.69   -5.34   -0.00   -0.00    0.20    0.35    0.00    0.20    1.78    175.0    218.6    0.3    0.0    0.0   1.18  0.799   1.3444e-01   67.6   58.9   54.1  2.3 1.5
   1500  0.080000  0.1846 0.439135       4.31    1.47    4.55    1.26    0.80    0.14    0.75    0.58   -0.20   -0.11    0.42   -0.00   -0.00    0.20    0.35    0.00    0.20    0.36    541.0    567.9    1.3    0.0    0.0   0.74  0.950   4.5393e-01   73.1   68.6   68.8  2.3 1.5
   1500  0.130000  0.1136 0.359731       5.16    1.90    5.50    1.71    0.94   -0.15    0.82    0.50   -0.20    0.11    0.61    0.00   -0.00    0.20    0.35    0.00    0.20    0.86    377.0    395.2    0.8    0.0    0.0   1.01  0.952   3.7121e-01   71.0   63.9   61.2  2.3 1.5
   1500  0.180000  0.0820 0.312903       5.38    1.91    5.71    1.60    0.67    0.13    1.04    0.48   -0.21    0.09    0.89    0.00   -0.00    0.20    0.35    0.00    0.20    1.01    346.0    355.7    0.6    0.0    0.0   0.92  0.971   3.1649e-01   73.6   62.1   61.5  2.3 1.5
   1500  0.250000  0.0591 0.212538       6.22    2.71    6.79    2.47    1.56   -1.09    1.11    0.98   -0.22   -0.44   -0.21   -0.00   -0.00    0.20    0.35    0.00    0.20    1.12    259.0    313.2    0.5    0.0    0.0   0.98  0.826   2.5290e-01   75.9   63.5   64.9  2.3 1.5
   1500  0.400000  0.0369 0.126476       7.55    5.34    9.25    3.84    2.20   -2.17    3.71    1.26   -0.28   -0.50   -3.45   -0.00   -0.00    0.20    0.35    0.00    0.20    1.82    176.0    187.8    0.3    0.0    0.0   1.28  0.936   1.3275e-01   73.4   63.6   62.4  2.3 1.5
   1500  0.650000  0.0227 0.014648      14.78   13.29   19.87    7.35    4.62   -4.82   11.06    2.53   -0.14   -0.88  -10.73    0.00   -0.00    0.20    0.35    0.00    0.20    1.92     46.0     53.1    0.1    0.0    0.0   2.38  0.865   1.6639e-02   92.5   39.0   61.9  2.3 1.5
   2000  0.130000  0.1515 0.377424       6.71    1.93    6.98    1.77    1.02   -0.13    0.78    0.55   -0.26   -0.08    0.48    0.00   -0.00    0.20    0.35    0.00    0.20    0.89    292.0    291.8    0.6    0.0    0.0   1.02  0.998   3.7132e-01   68.4   66.4   62.6  2.3 1.5
   2000  0.180000  0.1094 0.311284       6.34    2.11    6.68    1.68    0.51    0.36    1.28    0.41   -0.28    0.33    1.12    0.00   -0.00    0.20    0.35    0.00    0.20    1.01    250.0    257.8    0.5    0.0    0.0   1.08  0.968   3.1591e-01   70.0   63.2   60.9  2.3 1.5
   2000  0.250000  0.0788 0.257493       6.45    2.84    7.05    2.60    1.75   -0.98    1.15    1.09   -0.27   -0.19   -0.16    0.00   -0.00    0.20    0.35    0.00    0.20    1.12    241.0    239.3    0.4    0.0    0.0   1.12  1.006   2.5152e-01   74.1   66.1   65.9  2.3 1.5
   2000  0.400000  0.0492 0.135017       8.15    5.47    9.81    4.34    2.87   -2.26    3.33    1.81   -0.31   -0.80   -2.66    0.00   -0.00    0.20    0.35    0.00    0.20    1.82    151.0    148.7    0.2    0.0    0.0   1.40  1.014   1.3080e-01   75.3   64.0   65.6  2.3 1.5
   2000  0.650000  0.0303 0.0146185     17.19   13.03   21.57    7.30    4.45   -4.75   10.80    2.64    0.23   -0.78  -10.44    0.00   -0.00    0.20    0.35    0.00    0.20    1.90     34.0     38.0    0.1    0.0    0.0   2.68  0.893   1.6084e-02   89.3   42.4   61.9  2.3 1.5
   3000  0.180000  0.1641 0.331084       7.17    2.22    7.51    2.03    1.34    0.11    0.92    0.69   -0.14    0.05    0.58    0.00   -0.00    0.29    0.35    0.00    0.20    1.01    309.0    298.1    0.6    0.0    0.0   1.00  1.035   3.1432e-01   59.5   69.4   62.9  2.3 1.5
   3000  0.250000  0.1181 0.232094       6.20    2.29    6.61    2.07    1.31   -0.22    0.96    0.76   -0.08   -0.10    0.58    0.00   -0.00    0.25    0.35    0.00    0.20    1.11    261.0    285.3    0.5    0.0    0.0   1.02  0.913   2.4965e-01   64.4   70.1   67.3  2.3 1.5
   3000  0.400000  0.0738 0.118047       7.64    4.81    9.03    4.01    2.65   -2.00    2.65    1.49   -0.13   -0.52   -2.13   -0.00   -0.00    0.23    0.35    0.00    0.20    1.82    172.0    190.3    0.3    0.0    0.0   1.23  0.902   1.2851e-01   70.5   68.5   70.3  2.3 1.5
   3000  0.650000  0.0454 0.0127199     15.66   11.66   19.52    7.85    5.15   -5.08    8.63    3.17   -0.28   -1.52   -7.87   -0.00   -0.00    0.22    0.35    0.00    0.20    1.90     41.0     50.5    0.1    0.0    0.0   2.31  0.810   1.5427e-02   87.8   47.3   68.8  2.3 1.5
   5000  0.400000  0.1231 0.112611       9.78    3.46   10.37    3.26    1.61   -1.17    1.18    1.03    0.04   -0.31   -0.48    0.00   -0.00    0.87    0.35    0.00    0.20    1.81    105.0    119.0    0.2    0.0    0.0   1.55  0.880   1.2566e-01   68.6   67.7   70.8  2.3 1.5
   5000  0.650000  0.0757 0.0121702     18.62    9.82   21.05    7.25    4.45   -4.58    6.62    2.40   -0.25   -1.37   -6.01   -0.00   -0.00    0.84    0.35    0.00    0.20    1.91     29.0     35.6    0.1    0.0    0.0   2.69  0.811   1.4733e-02   90.9   45.4   73.0  2.3 1.5
   8000  0.650000  0.1212 0.0152374     19.28    9.11   21.32    7.87    5.03   -4.54    4.58    2.51    0.39   -1.13   -3.64   -0.00   -0.00    1.00    0.36    0.00    0.21    1.98     27.0     25.4    0.0    0.0    0.0   3.16  1.062   1.4093e-02  136.7   47.7   82.6  2.3 1.5
  12000  0.650000  0.1818 0.0220417     24.29    8.03   25.59    7.16    5.55   -3.22    3.62    3.05    0.24   -0.82   -1.75    0.00   -0.00    1.00    0.35    0.00    0.80    1.99     17.0     10.5    0.0    0.0    0.0   1.87  1.622   1.3346e-02  110.7   57.4   81.9  2.3 1.5
