!
! This datafile is a successor of the Dataset 136.
! H1 Collaboration, DESY
!
&Data
   Name  = 'NC ep LH HERA II'
   NData =  137                        ! Number of data points
   NColumn =  35                       ! Number of all columns
   ColumnType = 3*'Bin','Sigma',31*'Error'
   ColumnName = 'Q2','x', 'y','x-section','stat',2*'ignore', 'uncor',3*'ignore', 'E3','T4','H3','N2','ignore', 'B2',3*'ignore',
                13*'ignore','LUMI_HERAII_beta_500', 'L8'
   NInfo    = 7
   DataInfo =  1.,  	  318.,        1.,      -0.369616, 	1.73,   	0.34,		   0.36
   CInfo    = 'reduced', 'sqrt(S)','e charge','e polarity', 'pol err unc', 'pol err corLpol', 'pol err corTpol'
   
   IndexDataset = 136
   
   Reaction = 'NC e+-p'
   Percent = 31*true   
!//  Q^2         x       y   sigma meas    stat     sys     tot     unc   uncE+ uncHaE+    corr
!  corE+  corTh+ corHaE+ corNoi+ corHTh+ corBkg+ uncEId+ unTrig+ corChA+
! uncVtx+   QEDr+     Ndat      Nmc    Nbg  DWrCh  NPhot MCstat    dmc         theo    acc    pur   stab

&END
    120  0.002000  0.5907 1.36656         0.97    1.40    1.71    0.93   -0.55    0.09    1.05   -0.31   -0.58    0.02    0.17   -0.00   -0.79    0.20    0.36    0.00    0.20    0.31  11320.0  10962.4  339.6    0.0  289.7   0.46  1.002   1.3402e+00   63.4   74.7   80.5  2.3 1.5
    120  0.003200  0.3692 1.24827         1.38    1.29    1.89    0.98   -0.50    0.03    0.84   -0.28   -0.76    0.00    0.20   -0.00   -0.07    0.20    0.37    0.00    0.20    0.31   5280.0   5126.0   23.6    0.0   11.6   0.60  1.025   1.1958e+00   22.4   62.3   63.3  2.3 1.5
    150  0.003200  0.4615 1.24695         0.82    1.16    1.42    0.83   -0.48    0.06    0.80   -0.34   -0.54    0.01    0.19   -0.00   -0.45    0.20    0.36    0.00    0.20    0.31  15617.0  15325.3  283.3    0.0  229.9   0.34  1.001   1.2242e+00   77.9   75.1   78.9  2.3 1.5
    150  0.005000  0.2954 1.09496         1.00    1.52    1.82    1.22   -0.98    0.00    0.92   -0.66   -0.64    0.00    0.04   -0.00   -0.02    0.20    0.36    0.00    0.20    0.32  10372.0  10326.8   26.4    0.0    7.2   0.40  1.002   1.0737e+00   60.4   65.8   68.4  2.3 1.5
    200  0.003200  0.6154 1.26191         1.55    1.22    1.97    0.84   -0.13    0.08    0.88   -0.14   -0.64    0.02    0.18   -0.00   -0.56    0.20    0.36    0.00    0.20    0.31   4465.0   4374.6   99.1    0.0   81.5   0.58  0.998   1.2421e+00   79.6   71.0   75.0  2.3 1.5
    200  0.005000  0.3938 1.12072         1.08    1.15    1.58    0.87   -0.50    0.02    0.75   -0.41   -0.62    0.00    0.11   -0.00   -0.07    0.20    0.36    0.00    0.20    0.31   8773.0   8769.4   40.5    0.0   19.8   0.39  0.996   1.1056e+00   82.8   66.7   68.4  2.3 1.5
    200  0.008000  0.2461 0.965675        1.09    1.65    1.98    1.32   -1.10   -0.00    0.98   -0.59   -0.78   -0.00   -0.00   -0.00   -0.01    0.20    0.36    0.00    0.20    0.32   8517.0   8503.4   16.4    0.0    3.0   0.43  1.000   9.4890e-01   84.8   59.8   61.6  2.3 1.5
    250  0.005000  0.4923 1.12621         1.25    0.98    1.59    0.78   -0.29    0.06    0.59   -0.27   -0.43    0.01    0.16    0.00   -0.26    0.20    0.36    0.00    0.20    0.31   6536.0   6553.8   76.4    0.0   55.8   0.42  0.986   1.1225e+00   79.2   76.7   80.0  2.3 1.5
    250  0.008000  0.3077 0.964636        1.24    1.20    1.73    0.93   -0.58    0.00    0.76   -0.50   -0.57    0.00    0.03   -0.00   -0.03    0.20    0.36    0.00    0.20    0.32   6626.0   6753.1   17.8    0.0    5.8   0.42  0.979   9.6836e-01   86.6   66.3   67.5  2.3 1.5
    300  0.005000  0.5907 1.13324         2.13    1.16    2.42    0.94   -0.25    0.08    0.68   -0.25   -0.39    0.02    0.16   -0.00   -0.47    0.20    0.36    0.00    0.20    0.31   2300.0   2285.1   44.7    0.0   35.9   0.68  0.987   1.1279e+00   72.1   72.5   75.6  2.3 1.5
    300  0.008000  0.3692 0.973401        1.45    1.07    1.80    0.83   -0.38    0.02    0.68   -0.38   -0.55    0.00    0.10   -0.00   -0.05    0.20    0.36    0.00    0.20    0.32   4821.0   4931.2   18.1    0.0    8.2   0.44  0.974   9.8173e-01   82.0   73.2   75.0  2.3 1.5
    300  0.013000  0.2272 0.816823        1.45    1.29    1.95    0.97   -0.61   -0.00    0.85   -0.60   -0.61   -0.00   -0.00   -0.00   -0.01    0.20    0.36    0.00    0.20    0.33   4751.0   4896.3    8.8    0.0    1.5   0.46  0.969   8.2847e-01   88.6   66.0   67.9  2.3 1.5
    400  0.008000  0.4923 1.02329         1.77    1.01    2.03    0.83   -0.28    0.06    0.57   -0.29   -0.42    0.01    0.14    0.00   -0.20    0.20    0.36    0.00    0.20    0.31   3259.0   3196.0   30.6    0.0   21.6   0.50  1.010   9.9514e-01   69.7   75.9   77.8  2.3 1.5
    400  0.013000  0.3029 0.832846        1.71    1.14    2.05    0.91   -0.49    0.01    0.69   -0.48   -0.48    0.00    0.03    0.00   -0.01    0.20    0.36    0.00    0.20    0.32   3444.0   3544.6    7.2    0.0    1.1   0.49  0.970   8.4378e-01   81.8   72.4   73.4  2.3 1.5
    400  0.020000  0.1969 0.711653        1.77    1.54    2.35    1.15   -0.83    0.00    1.03   -0.83   -0.61    0.00    0.00    0.00   -0.00    0.20    0.36    0.00    0.20    0.34   3283.0   3379.8    3.3    0.0    0.0   0.52  0.970   7.2041e-01   86.6   65.3   66.9  2.3 1.5
    500  0.008000  0.6154 0.983846        2.93    1.17    3.15    1.03   -0.31    0.07    0.55   -0.16   -0.37    0.01    0.15    0.00   -0.34    0.20    0.37    0.00    0.20    0.31   1199.0   1216.7   17.3    0.0   13.9   0.78  0.971   9.9510e-01   70.4   69.5   72.8  2.3 1.5
    500  0.013000  0.3787 0.87832         2.10    1.09    2.37    0.91   -0.41    0.02    0.61   -0.38   -0.47    0.01    0.10   -0.00   -0.04    0.20    0.36    0.00    0.20    0.32   2365.0   2329.0    7.5    0.0    2.8   0.55  1.012   8.5236e-01   70.2   71.0   70.9  2.3 1.5
    500  0.020000  0.2461 0.742784        2.09    1.29    2.46    1.00   -0.57    0.00    0.81   -0.55   -0.59    0.00    0.00    0.00   -0.00    0.20    0.36    0.00    0.20    0.33   2378.0   2368.5    3.9    0.0    0.1   0.57  1.002   7.2792e-01   77.3   69.6   69.9  2.3 1.5
    650  0.013000  0.4923 0.876274        2.35    1.01    2.56    0.90   -0.29    0.04    0.47   -0.26   -0.38    0.01    0.09    0.00   -0.08    0.20    0.37    0.00    0.20    0.31   1823.0   1804.2    9.7    0.0    4.7   0.61  1.005   8.5645e-01   70.4   75.5   77.2  2.3 1.5
    650  0.020000  0.3200 0.743344        2.47    1.37    2.82    1.15   -0.73    0.00    0.76   -0.56   -0.51    0.00    0.02    0.00   -0.02    0.20    0.37    0.00    0.20    0.33   1655.0   1657.9    6.1    0.0    0.9   0.65  0.995   7.3421e-01   70.6   66.5   65.9  2.3 1.5
    650  0.032000  0.2000 0.622049        2.56    1.47    2.95    1.16   -0.70   -0.00    0.90   -0.66   -0.61   -0.00   -0.00   -0.00   -0.00    0.20    0.36    0.00    0.20    0.35   1535.0   1538.8    3.3    0.0    0.0   0.70  0.995   6.1390e-01   72.9   63.4   63.9  2.3 1.5
    800  0.013000  0.6059 0.796147        3.94    1.23    4.13    1.15   -0.17    0.08    0.44   -0.26   -0.29    0.03    0.13   -0.00   -0.14    0.20    0.37    0.00    0.20    0.32    655.0    708.0    5.4    0.0    3.4   0.96  0.918   8.5239e-01   70.1   75.5   76.4  2.3 1.5
    800  0.020000  0.3938 0.700893        2.84    1.17    3.07    1.06   -0.50    0.02    0.49   -0.31   -0.37    0.00    0.05   -0.00   -0.06    0.20    0.37    0.00    0.20    0.33   1254.0   1332.7    7.8    0.0    2.5   0.72  0.935   7.3630e-01   73.8   72.3   72.7  2.3 1.5
    800  0.032000  0.2461 0.593138        3.09    1.35    3.37    1.20   -0.67    0.00    0.61   -0.51   -0.33    0.00    0.00    0.00   -0.00    0.20    0.36    0.00    0.20    0.36   1133.0   1194.4    3.0    0.0    0.1   0.78  0.946   6.1585e-01   71.9   62.2   61.4  2.3 1.5
   1000  0.013000  0.7574 0.829151        3.89    1.94    4.35    1.58   -0.14    0.26    1.13   -0.13   -0.35    0.05    0.20   -0.00   -1.05    0.57    0.37    0.00    0.21    0.93    724.0    710.9   32.7    0.0   24.8   1.00  0.972   8.3766e-01   51.7   75.8   89.1  2.3 1.5
   1000  0.020000  0.4923 0.741114        3.28    1.08    3.45    0.99   -0.34    0.04    0.43   -0.21   -0.35    0.01    0.10   -0.00   -0.10    0.20    0.36    0.00    0.20    0.34    944.0    944.9    7.5    0.0    3.3   0.70  0.991   7.3457e-01   69.5   77.0   78.0  2.3 1.5
   1000  0.032000  0.3077 0.585625        3.38    1.26    3.60    1.10   -0.59    0.00    0.60   -0.34   -0.50    0.00    0.01    0.00   -0.02    0.20    0.37    0.00    0.20    0.34    884.0    943.2    3.6    0.0    0.6   0.71  0.933   6.1629e-01   76.0   72.1   73.0  2.3 1.5
   1000  0.050000  0.1969 0.498036        3.58    2.02    4.11    1.70   -1.37    0.00    1.09   -1.02   -0.40    0.00    0.00    0.00   -0.00    0.20    0.37    0.00    0.20    0.39    782.0    826.4    1.8    0.0    0.0   0.77  0.944   5.1818e-01   74.3   63.0   62.7  2.3 1.5
   1200  0.013000  0.9088 0.793663        6.75    3.36    7.54    2.51   -0.05    0.29    2.23   -0.16   -0.35    0.04    0.22   -0.00   -2.19    0.97    0.36    0.00    0.31    1.01    264.0    252.0   23.2    0.0   18.4   2.00  0.956   8.1565e-01   26.6   72.7   75.3  2.3 1.5
   1200  0.020000  0.5907 0.671717        4.32    1.19    4.48    1.09    0.15    0.09    0.48    0.17   -0.35    0.02    0.13    0.00   -0.24    0.37    0.36    0.00    0.20    0.60    555.0    602.6    9.2    0.0    4.9   0.66  0.906   7.2847e-01   59.7   76.9   76.1  2.3 1.5
   1200  0.032000  0.3692 0.637461        3.76    1.07    3.91    0.96   -0.48    0.02    0.47   -0.27   -0.38    0.01    0.06    0.00   -0.00    0.20    0.36    0.00    0.20    0.33    715.0    699.0    2.9    0.0    0.0   0.58  1.019   6.1467e-01   73.3   76.5   77.1  2.3 1.5
   1200  0.050000  0.2363 0.522611        3.95    1.48    4.22    1.28   -0.95   -0.00    0.74   -0.52   -0.53   -0.00   -0.00   -0.00   -0.00    0.20    0.36    0.00    0.20    0.36    644.0    646.6    1.8    0.0    0.0   0.61  0.993   5.1688e-01   75.9   71.6   72.5  2.3 1.5
   1500  0.020000  0.7384 0.665904        5.31    1.94    5.65    1.75    0.19    0.19    0.83    0.24   -0.20    0.04    0.20    0.00   -0.74    0.89    0.36    0.00    0.28    0.95    383.0    401.6   14.6    0.0    9.9   1.02  0.917   7.1315e-01   45.3   78.7   79.6  2.3 1.5
   1500  0.032000  0.4615 0.594614        5.22    1.01    5.32    0.95   -0.07    0.04    0.35   -0.14   -0.30    0.01    0.11   -0.00   -0.05    0.26    0.36    0.00    0.20    0.35    447.0    462.9    3.2    0.0    0.8   0.70  0.959   6.0929e-01   64.5   77.2   77.1  2.3 1.5
   1500  0.050000  0.2954 0.526367        4.55    1.25    4.72    1.10   -0.61    0.00    0.59   -0.21   -0.55    0.00    0.01    0.00   -0.00    0.20    0.36    0.00    0.20    0.35    486.0    481.0    1.7    0.0    0.0   0.68  1.007   5.1354e-01   73.5   74.8   74.5  2.3 1.5
   2000  0.021880  0.9000 0.664744        8.55    3.21    9.14    2.83    0.58    0.21    1.52    0.08   -0.07    0.05    0.19   -0.00   -1.50    1.00    0.36    0.00    0.54    1.01    156.0    148.9   10.0    0.0    7.5   2.27  0.981   6.6593e-01   28.5   72.6   74.9  2.3 1.5
   2000  0.032000  0.6154 0.546778        5.99    1.58    6.19    1.46    0.20    0.07    0.59   -0.23   -0.46    0.01    0.10   -0.00   -0.26    0.81    0.37    0.00    0.21    0.68    290.0    314.9    5.6    0.0    2.7   0.87  0.903   5.9465e-01   59.3   78.6   78.0  2.3 1.5
   2000  0.050000  0.3938 0.513337        5.63    1.29    5.78    1.22   -0.64    0.01    0.40   -0.34   -0.21    0.00    0.05    0.00   -0.00    0.26    0.36    0.00    0.20    0.35    318.0    317.2    1.5    0.0    0.0   0.82  0.998   5.0531e-01   66.3   75.7   75.7  2.3 1.5
   2000  0.080000  0.2461 0.433332        5.55    1.44    5.74    1.25   -0.63    0.00    0.71   -0.37   -0.61    0.00    0.00    0.00   -0.00    0.20    0.36    0.00    0.20    0.48    326.0    321.7    0.9    0.0    0.0   0.83  1.010   4.2126e-01   73.0   72.1   72.0  2.3 1.5
   3000  0.032000  0.9230 0.584189        5.61    2.13    6.00    1.92   -0.21    0.12    0.92   -0.22   -0.28    0.02    0.12   -0.00   -0.85    1.00    0.36    0.00    0.53    0.96    346.0    320.7   14.7    0.0    9.0   1.12  1.033   5.5543e-01   44.2   84.0   85.6  2.3 1.5
   3000  0.050000  0.5907 0.474103        5.02    1.39    5.21    1.34    0.13    0.05    0.35    0.12   -0.31    0.02    0.10    0.00   -0.06    0.89    0.36    0.00    0.23    0.50    405.0    414.1    4.0    0.0    0.8   0.71  0.968   4.8097e-01   65.6   84.5   84.0  2.3 1.5
   3000  0.080000  0.3692 0.408075        5.36    1.40    5.54    1.29   -0.58    0.01    0.55   -0.25   -0.49    0.00    0.03   -0.00   -0.02    0.56    0.36    0.00    0.20    0.46    352.0    354.6    1.7    0.0    0.3   0.77  0.988   4.0580e-01   62.2   79.1   76.7  2.3 1.5
   3000  0.130000  0.2272 0.330931        6.38    1.81    6.63    1.64   -0.75    0.00    0.77   -0.61   -0.48    0.00    0.00    0.00   -0.00    0.34    0.36    0.00    0.20    0.97    247.0    253.5    0.6    0.0    0.0   0.92  0.972   3.3443e-01   62.5   68.3   66.3  2.3 1.5
   5000  0.054700  0.9000 0.430227        7.86    2.71    8.31    2.36    0.23    0.08    1.32    0.11   -0.19    0.03    0.09   -0.00   -1.30    1.00    0.36    0.00    0.78    0.97    184.0    168.8   11.4    0.0    7.3   1.67  1.022   4.1336e-01   46.2   82.3   85.1  2.3 1.5
   5000  0.080000  0.6154 0.349999        6.38    1.61    6.58    1.57   -0.04    0.06    0.38    0.03   -0.32   -0.02    0.07   -0.00   -0.19    1.00    0.36    0.00    0.38    0.57    254.0    265.1    4.1    0.0    1.7   0.90  0.943   3.6465e-01   76.9   86.2   85.9  2.3 1.5
   5000  0.130000  0.3787 0.312221        7.32    1.91    7.57    1.83   -0.35    0.00    0.55    0.24   -0.49    0.00    0.01    0.00   -0.00    0.99    0.36    0.00    0.20    0.97    188.0    188.8    0.8    0.0    0.0   1.05  0.992   3.0932e-01   77.5   81.2   80.9  2.3 1.5
   5000  0.180000  0.2735 0.261819        8.19    2.10    8.45    1.98   -0.69   -0.00    0.71   -0.49   -0.51   -0.00   -0.00   -0.00   -0.00    0.95    0.36    0.00    0.20    1.02    150.0    155.9    0.4    0.0    0.0   1.13  0.960   2.6799e-01   71.7   76.8   74.6  2.3 1.5
   5000  0.250000  0.1969 0.22507         8.92    2.41    9.24    2.30    1.06    0.00    0.72    0.71   -0.06    0.00    0.00    0.00   -0.00    0.90    0.36    0.00    0.20    1.23    126.0    122.6    0.2    0.0    0.0   1.28  1.026   2.1546e-01   63.2   71.8   67.1  2.3 1.5
   8000  0.087520  0.9000 0.255844       15.58    4.57   16.23    3.61    0.36    0.12    2.80   -0.07   -0.23    0.09    0.08   -0.00   -2.79    1.00    0.36    0.00    1.00    1.01     55.0     56.3    7.4    0.0    5.2   2.95  0.846   2.9700e-01   42.1   78.9   80.5  2.3 1.5
   8000  0.130000  0.6059 0.258419       11.14    2.64   11.45    2.57    0.57    0.06    0.62    0.35   -0.47    0.03    0.04   -0.00   -0.20    1.00    0.36    0.00    0.83    1.01     84.0     85.3    1.7    0.0    0.6   1.56  0.965   2.6312e-01   76.5   82.0   81.3  2.3 1.5
   8000  0.180000  0.4376 0.233091       11.31    2.43   11.56    2.40    0.22    0.01    0.32    0.28   -0.14    0.00    0.02    0.00   -0.00    1.00    0.36    0.00    0.51    1.02     79.0     81.4    0.4    0.0    0.0   1.52  0.966   2.3698e-01   81.1   83.1   81.4  2.3 1.5
   8000  0.250000  0.3151 0.221079       11.01    2.78   11.35    2.71    1.07    0.00    0.65   -0.42   -0.50    0.00    0.00    0.00   -0.00    1.00    0.36    0.00    0.32    1.19     83.0     74.9    0.2    0.0    0.0   1.59  1.105   1.9653e-01   79.9   82.7   79.1  2.3 1.5
   8000  0.400000  0.1969 0.101983       15.10    5.17   15.96    4.67    3.42    0.00    2.21    2.18    0.40    0.00    0.00    0.00   -0.00    1.00    0.37    0.00    0.20    1.95     44.0     45.6    0.1    0.0    0.0   2.03  0.964   1.0393e-01   78.9   79.6   75.7  2.3 1.5
  12000  0.130000  0.9088 0.206562       28.52    9.06   29.92    9.03   -0.10    0.10    0.78   -0.60   -0.21    0.03    0.09   -0.00   -0.44    1.00    0.36    0.00    1.00    1.03     14.0     13.6    0.9    0.0    0.2   8.79  0.968   2.0964e-01   41.0   62.3   70.6  2.3 1.5
  12000  0.180000  0.6564 0.209708       17.53    3.41   17.86    3.05    0.76    0.07    1.53    0.18   -0.41    0.02    0.07   -0.00   -1.46    1.00    0.36    0.00    1.00    1.02     37.0     32.1    2.3    0.0    1.6   2.13  1.082   1.9046e-01   69.9   81.4   81.2  2.3 1.5
  12000  0.250000  0.4726 0.142327       18.70    2.55   18.87    2.49    0.91    0.02    0.57    0.48   -0.30    0.00    0.04   -0.00   -0.00    1.00    0.36    0.00    1.00    1.19     29.0     34.6    0.2    0.0    0.0   0.90  0.833   1.6777e-01   81.0   81.8   79.3  2.3 1.5
  12000  0.400000  0.2954 0.0720418      24.35    4.79   24.82    4.53    3.49   -0.00    1.56    1.52    0.34   -0.00   -0.00   -0.00   -0.00    1.00    0.36    0.00    0.92    1.98     17.0     22.5    0.1    0.0    0.0   1.21  0.752   9.4142e-02   79.1   83.0   78.3  2.3 1.5
  20000  0.250000  0.7876 0.107755       32.86    3.30   33.02    3.23    1.72    0.09    0.70    0.56   -0.35    0.01    0.09    0.00   -0.22    1.00    0.36    0.00    1.00    1.16     10.0     10.1    0.4    0.0    0.1   1.72  0.954   1.1095e-01   67.3   78.0   80.5  2.3 1.5
  20000  0.400000  0.4923 0.0771135      31.82    4.77   32.17    4.62    3.56    0.03    1.17    1.16    0.12    0.01    0.03    0.00   -0.00    1.00    0.36    0.00    1.00    1.96     10.0      9.6    0.1    0.0    0.0   1.32  1.036   7.3129e-02   82.0   83.2   80.8  2.3 1.5
  20000  0.650000  0.3029 0.0134183      57.87   15.56   59.92   14.88   14.39    0.00    4.56    4.12    1.95    0.00    0.00    0.00   -0.00    1.00    0.36    0.00    1.00    2.00      3.0      2.2    0.0    0.0    0.0   2.68  1.372   9.6081e-03   91.3   70.2   75.8  2.3 1.5
  30000  0.400000  0.7384 0.0218758     108.62    6.58  108.82    6.48    3.92    0.06    1.12    0.98    0.47    0.00    0.06    0.00   -0.26    1.00    0.36    0.00    1.00    1.95      1.0      2.1    0.1    0.0    0.0   4.44  0.444   4.8374e-02   74.8   77.8   85.4  2.3 1.5
    150  0.008000  0.1846 0.946221        1.36    2.26    2.64    1.89   -1.34   -1.05    1.24   -0.84   -0.56   -0.31   -0.66    0.00   -0.05    0.20    0.36    0.00    0.20    0.30   5507.0   5439.4   13.9    0.0    8.7   0.57  1.010   9.2041e-01   37.6   41.7   50.9  2.3 1.5
    150  0.013000  0.1136 0.82173         1.92    3.65    4.12    2.85   -2.47   -1.00    2.28   -1.54   -1.30   -0.32   -1.02    0.00   -0.01    0.20    0.37    0.00    0.20    0.30   2802.0   2704.9    3.8    0.0    1.2   0.81  1.034   7.8028e-01   20.7   31.9   45.0  2.3 1.5
    200  0.013000  0.1515 0.806236        1.24    1.06    1.63    0.77    0.10   -0.03    0.72    0.06   -0.45    0.01    0.55    0.00   -0.01    0.20    0.36    0.00    0.20    0.31   6485.0   6555.7    8.6    0.0    3.0   0.49  0.988   8.0169e-01   75.0   50.4   51.4  2.3 1.5
    200  0.020000  0.0985 0.69957         1.38    1.29    1.89    1.05   -0.69   -0.06    0.75   -0.35   -0.55   -0.15    0.33    0.00   -0.02    0.20    0.36    0.00    0.20    0.30   5472.0   5481.2    6.9    0.0    3.0   0.54  0.997   6.8922e-01   70.8   48.6   53.9  2.3 1.5
    200  0.032000  0.0615 0.591163        1.61    1.69    2.33    1.47   -1.10   -0.47    0.85   -0.62   -0.54   -0.17    0.10   -0.00   -0.00    0.20    0.36    0.00    0.20    0.31   4139.0   4169.8    2.9    0.0    0.0   0.61  0.992   5.8543e-01   61.4   49.1   53.8  2.3 1.5
    200  0.050000  0.0394 0.530612        1.79    2.65    3.20    2.00   -1.78   -0.06    1.73   -1.22   -0.69   -0.05    1.02    0.00   -0.00    0.20    0.36    0.00    0.20    0.34   3290.0   3177.6    1.9    0.0    0.0   0.69  1.035   5.0373e-01   52.9   48.4   51.5  2.3 1.5
    200  0.080000  0.0246 0.438035        1.99    2.88    3.50    2.07   -1.81   -0.08    2.00   -1.04   -0.86   -0.20    1.46    0.00   -0.00    0.20    0.36    0.00    0.20    0.45   2694.0   2705.3    1.4    0.0    0.0   0.75  0.995   4.3232e-01   51.8   47.2   53.1  2.3 1.5
    200  0.130000  0.0151 0.371753        2.25    2.91    3.67    2.30   -1.56   -1.08    1.78   -1.05   -0.92   -0.21   -1.09   -0.00   -0.00    0.20    0.36    0.00    0.20    0.89   2223.0   2239.0    0.9    0.0    0.0   0.80  0.992   3.6797e-01   43.6   51.1   51.9  2.3 1.5
    200  0.180000  0.0109 0.326238        2.97    3.61    4.68    3.01   -1.73   -1.85    1.99   -0.99   -0.81   -0.35   -1.49    0.00   -0.00    0.20    0.37    0.00    0.20    1.12   1220.0   1231.6    0.7    0.0    0.0   1.08  0.990   3.2369e-01   27.5   44.3   30.9  2.3 1.5
    250  0.013000  0.1893 0.807366        1.38    1.57    2.09    1.17    0.87    0.17    1.04    0.45   -0.60   -0.06    0.72    0.00   -0.01    0.20    0.36    0.00    0.20    0.31   5433.0   5588.7    8.0    0.0    2.3   0.48  0.971   8.1701e-01   82.3   52.6   53.1  2.3 1.5
    250  0.020000  0.1231 0.688667        1.40    1.73    2.23    1.35    1.07    0.28    1.08    0.48   -0.65   -0.03    0.72    0.00   -0.01    0.20    0.36    0.00    0.20    0.31   5088.0   5260.9    5.9    0.0    1.5   0.50  0.966   7.0029e-01   84.3   51.9   54.1  2.3 1.5
    250  0.032000  0.0769 0.578092        1.46    1.61    2.17    1.29    1.01   -0.16    0.95    0.39   -0.46    0.04    0.74    0.00   -0.00    0.20    0.36    0.00    0.20    0.31   4698.0   4897.5    3.4    0.0    0.4   0.52  0.959   5.9241e-01   88.8   51.1   56.4  2.3 1.5
    250  0.050000  0.0492 0.507229        1.57    2.02    2.56    1.23    0.90    0.14    1.61    0.42   -0.56   -0.12    1.44   -0.00   -0.00    0.20    0.36    0.00    0.20    0.33   4040.0   4112.6    2.3    0.0    0.2   0.57  0.982   5.0751e-01   84.0   51.3   54.0  2.3 1.5
    250  0.080000  0.0308 0.443166        1.71    2.42    2.96    1.07    0.53    0.29    2.17    0.30   -0.43    0.03    2.10   -0.00   -0.01    0.20    0.36    0.00    0.20    0.43   3843.0   3824.0    2.2    0.0    0.7   0.59  1.004   4.3342e-01   89.6   49.3   55.5  2.3 1.5
    250  0.130000  0.0189 0.383053        1.81    2.12    2.79    1.84    1.13   -0.84    1.05    0.56   -0.60   -0.31   -0.58    0.00   -0.00    0.20    0.36    0.00    0.20    0.89   3653.0   3560.3    1.3    0.0    0.0   0.59  1.026   3.6687e-01   84.5   53.1   57.1  2.3 1.5
    250  0.180000  0.0137 0.300687        2.39    3.37    4.13    2.49    1.51   -1.36    2.27    0.84   -0.68   -0.24   -1.98    0.00   -0.00    0.20    0.36    0.00    0.20    1.10   1923.0   2091.6    0.8    0.0    0.0   0.78  0.919   3.2141e-01   57.6   51.6   38.6  2.3 1.5
    300  0.020000  0.1477 0.707469        1.60    1.28    2.05    0.92    0.45    0.17    0.89    0.31   -0.44   -0.04    0.71   -0.00   -0.02    0.20    0.36    0.00    0.20    0.31   3934.0   4005.1    6.4    0.0    2.7   0.52  0.981   7.0868e-01   83.5   56.0   55.9  2.3 1.5
    300  0.032000  0.0923 0.59159         1.69    1.65    2.36    1.25    0.96   -0.11    1.07    0.53   -0.64   -0.03    0.68   -0.00   -0.02    0.20    0.37    0.00    0.20    0.31   3594.0   3691.6    4.4    0.0    1.9   0.54  0.972   5.9765e-01   85.6   56.3   58.0  2.3 1.5
    300  0.050000  0.0591 0.504521        1.82    1.90    2.63    1.37    1.05    0.24    1.32    0.62   -0.63   -0.10    0.97   -0.00   -0.00    0.20    0.36    0.00    0.20    0.32   3021.0   3108.4    1.9    0.0    0.0   0.59  0.971   5.1026e-01   80.8   56.1   55.1  2.3 1.5
    300  0.080000  0.0369 0.445416        1.85    2.74    3.31    1.44    1.06    0.39    2.33    0.47   -0.61   -0.08    2.20    0.00   -0.01    0.20    0.36    0.00    0.20    0.42   2920.0   2895.2    1.9    0.0    0.5   0.61  1.008   4.3411e-01   86.3   53.5   56.1  2.3 1.5
    300  0.130000  0.0227 0.371112        1.93    2.20    2.93    1.84    1.32   -0.46    1.20    0.66   -0.73   -0.21   -0.66   -0.00   -0.00    0.20    0.36    0.00    0.20    0.90   2847.0   2856.2    1.1    0.0    0.0   0.60  0.996   3.6587e-01   86.4   55.9   58.9  2.3 1.5
    300  0.180000  0.0164 0.307609        2.52    4.08    4.79    2.97    2.01   -1.65    2.80    1.03   -0.67   -0.34   -2.49   -0.00   -0.00    0.20    0.36    0.00    0.20    1.09   1664.0   1758.7    0.6    0.0    0.0   0.77  0.946   3.1950e-01   62.0   56.7   43.5  2.3 1.5
    300  0.400000  0.0074 0.154777        3.06    6.48    7.17    3.84    2.51   -2.25    5.22    1.39   -0.94   -0.41   -4.93   -0.00   -0.00    0.20    0.36    0.00    0.20    1.48   1151.0   1117.0    0.5    0.0    0.0   0.97  1.030   1.4761e-01   80.2   33.0   41.8  2.3 1.5
    400  0.032000  0.1231 0.606769        1.91    1.30    2.31    0.95    0.48    0.08    0.90    0.48   -0.43   -0.05    0.62   -0.00   -0.00    0.20    0.36    0.00    0.20    0.31   2911.0   2951.9    2.6    0.0    0.3   0.55  0.985   6.0495e-01   87.2   59.8   63.1  2.3 1.5
    400  0.050000  0.0788 0.500876        2.05    1.46    2.51    1.08    0.62   -0.26    0.97    0.59   -0.53   -0.09    0.55   -0.00   -0.00    0.20    0.36    0.00    0.20    0.31   2381.0   2485.3    1.5    0.0    0.0   0.60  0.957   5.1392e-01   82.6   60.4   60.3  2.3 1.5
    400  0.080000  0.0492 0.425575        2.15    2.46    3.26    1.03    0.28    0.42    2.23    0.24   -0.27    0.14    2.20   -0.00   -0.00    0.20    0.36    0.00    0.20    0.40   2175.0   2260.6    1.2    0.0    0.0   0.64  0.962   4.3474e-01   85.2   58.6   59.9  2.3 1.5
    400  0.130000  0.0303 0.365431        2.11    1.95    2.88    1.48    0.77   -0.37    1.28    0.71   -0.65   -0.24    0.81    0.00   -0.00    0.20    0.36    0.00    0.20    0.89   2242.0   2272.7    1.1    0.0    0.0   0.62  0.986   3.6406e-01   87.1   60.4   63.3  2.3 1.5
    400  0.180000  0.0219 0.305929        2.76    4.04    4.89    2.57    1.25   -1.74    3.11    1.18   -0.64   -0.41   -2.77    0.00   -0.00    0.20    0.36    0.00    0.20    1.08   1400.0   1473.2    0.7    0.0    0.0   0.78  0.950   3.1639e-01   65.6   64.5   51.2  2.3 1.5
    400  0.400000  0.0098 0.156864        3.56    6.73    7.61    3.27    1.33   -2.25    5.88    1.25   -0.76   -0.36   -5.69    0.00   -0.00    0.20    0.36    0.00    0.20    1.60    872.0    811.6    0.5    0.0    0.0   1.04  1.074   1.4349e-01   74.0   44.4   49.8  2.3 1.5
    500  0.032000  0.1538 0.608204        2.28    1.42    2.68    1.02    0.44    0.37    0.98    0.45   -0.39   -0.07    0.77    0.00   -0.01    0.20    0.36    0.00    0.20    0.31   2093.0   2132.9    2.9    0.0    0.5   0.60  0.980   6.0969e-01   79.8   62.2   64.2  2.3 1.5
    500  0.050000  0.0985 0.523873        2.29    1.43    2.70    1.08    0.59   -0.23    0.94    0.59   -0.48   -0.12    0.53    0.00   -0.00    0.20    0.36    0.00    0.20    0.31   1906.0   1909.5    2.2    0.0    0.0   0.64  0.997   5.1615e-01   80.0   62.7   63.5  2.3 1.5
    500  0.080000  0.0615 0.429515        2.48    1.88    3.11    1.01    0.35    0.18    1.58    0.35   -0.28   -0.03    1.52   -0.00   -0.00    0.20    0.36    0.00    0.20    0.38   1631.0   1678.9    1.9    0.0    0.0   0.68  0.970   4.3484e-01   80.4   61.5   61.9  2.3 1.5
    500  0.130000  0.0379 0.400736        2.93    2.13    3.62    1.36    0.54    0.06    1.64    0.54   -0.43   -0.10    1.48   -0.00   -0.00    0.20    0.36    0.00    0.20    0.85   1394.0   1282.2    1.5    0.0    0.0   0.76  1.086   3.6245e-01   88.1   54.1   59.2  2.3 1.5
    500  0.180000  0.0273 0.315112        3.13    1.98    3.70    1.78    0.73   -0.79    0.88    0.73   -0.41   -0.24   -0.13    0.00   -0.00    0.20    0.36    0.00    0.20    1.02   1025.0   1038.3    1.1    0.0    0.0   0.84  0.986   3.1387e-01   82.4   54.9   56.4  2.3 1.5
    500  0.250000  0.0197 0.249542        3.83    4.99    6.29    2.82    1.19   -2.00    4.12    1.19   -0.56   -0.34   -3.89    0.00   -0.00    0.20    0.36    0.00    0.20    1.11    684.0    713.6    0.7    0.0    0.0   1.02  0.958   2.5599e-01   63.5   58.8   46.8  2.3 1.5
    650  0.050000  0.1280 0.508532        2.74    1.57    3.15    1.22    0.74   -0.20    0.99    0.78   -0.42   -0.12    0.42    0.00   -0.01    0.20    0.36    0.00    0.20    0.32   1342.0   1388.6    2.7    0.0    0.4   0.73  0.965   5.1791e-01   73.4   62.1   63.4  2.3 1.5
    650  0.080000  0.0800 0.402344        3.04    1.90    3.58    1.16    0.54    0.18    1.50    0.59   -0.62    0.05    1.24   -0.00   -0.00    0.20    0.36    0.00    0.20    0.37   1087.0   1192.8    1.8    0.0    0.0   0.79  0.910   4.3443e-01   71.8   62.6   61.3  2.3 1.5
    650  0.130000  0.0492 0.361166        3.30    2.16    3.94    1.40    0.45    0.02    1.65    0.51   -0.10   -0.10    1.56   -0.00   -0.00    0.20    0.36    0.00    0.20    0.85    923.0    936.0    1.3    0.0    0.0   0.88  0.985   3.6028e-01   80.1   55.1   59.5  2.3 1.5
    650  0.180000  0.0356 0.32577         3.57    2.14    4.16    1.80    0.80   -0.61    1.16    0.82   -0.58   -0.23   -0.53   -0.00   -0.00    0.20    0.36    0.00    0.20    1.02    787.0    763.3    1.0    0.0    0.0   0.97  1.030   3.1078e-01   77.1   55.9   58.1  2.3 1.5
    650  0.250000  0.0256 0.244025        4.65    4.15    6.24    2.49    1.10   -1.51    3.32    1.14   -0.48   -0.35   -3.06    0.00   -0.00    0.20    0.37    0.00    0.20    1.12    540.0    567.5    0.7    0.0    0.0   1.11  0.950   2.5222e-01   65.5   61.0   53.8  2.3 1.5
    650  0.400000  0.0160 0.136147        6.70    5.21    8.49    3.67    1.57   -2.32    3.70    1.59   -0.51   -0.54   -3.26    0.00   -0.00    0.20    0.36    0.00    0.20    1.71    292.0    298.5    0.3    0.0    0.0   1.55  0.977   1.3688e-01   55.2   49.9   39.0  2.3 1.5
    800  0.050000  0.1575 0.525644        3.14    1.30    3.40    1.09    0.27   -0.22    0.70    0.46   -0.30   -0.12    0.42   -0.00   -0.00    0.20    0.37    0.00    0.20    0.32   1020.0   1022.1    2.1    0.0    0.1   0.84  0.996   5.1848e-01   70.7   60.2   61.2  2.3 1.5
    800  0.080000  0.0985 0.467883        3.35    1.74    3.78    1.28    0.56   -0.25    1.19    0.74   -0.55   -0.17    0.73    0.00   -0.01    0.20    0.36    0.00    0.20    0.38    892.0    839.8    1.8    0.0    0.3   0.93  1.060   4.3359e-01   66.1   60.8   58.2  2.3 1.5
    800  0.130000  0.0606 0.349734        4.04    2.47    4.73    1.57    0.33    0.51    1.90    0.58   -0.61   -0.03    1.71   -0.00   -0.00    0.20    0.36    0.00    0.20    0.84    615.0    640.4    1.0    0.0    0.0   1.06  0.959   3.5830e-01   70.9   54.0   55.2  2.3 1.5
    800  0.180000  0.0438 0.322411        4.18    2.02    4.64    1.85    0.60   -0.74    0.80    0.64   -0.44   -0.16    0.09   -0.00   -0.00    0.20    0.36    0.00    0.20    1.01    574.0    557.8    0.8    0.0    0.0   1.12  1.028   3.0821e-01   71.7   54.5   56.1  2.3 1.5
    800  0.250000  0.0315 0.221639        5.17    3.34    6.15    2.49    1.17   -1.27    2.24    1.22   -0.55   -0.41   -1.75   -0.00   -0.00    0.20    0.37    0.00    0.20    1.15    376.0    429.7    0.6    0.0    0.0   1.27  0.874   2.4922e-01   63.6   59.1   55.0  2.3 1.5
    800  0.400000  0.0197 0.124196        7.21    7.26   10.23    4.57    2.36   -2.94    5.64    2.31   -0.64   -0.69   -5.06   -0.00   -0.00    0.20    0.36    0.00    0.20    1.76    193.0    212.0    0.3    0.0    0.0   1.82  0.909   1.3419e-01   50.5   54.7   41.0  2.3 1.5
   1000  0.080000  0.1231 0.425493        3.88    1.50    4.17    1.28    0.66   -0.34    0.78    0.56   -0.25   -0.23    0.43   -0.00   -0.01    0.20    0.37    0.00    0.20    0.36    666.0    687.0    1.6    0.0    0.3   0.85  0.967   4.3217e-01   66.9   63.5   60.0  2.3 1.5
   1000  0.130000  0.0757 0.336144        4.75    1.96    5.14    1.46    0.33    0.25    1.31    0.33   -0.28   -0.05    1.24   -0.00   -0.00    0.20    0.36    0.00    0.20    0.83    444.0    477.7    0.8    0.0    0.0   1.01  0.928   3.5589e-01   67.0   55.4   52.8  2.3 1.5
   1000  0.180000  0.0547 0.299302        4.92    1.81    5.24    1.68    0.43   -0.52    0.69    0.42   -0.22   -0.06    0.49    0.00   -0.00    0.20    0.36    0.00    0.20    1.01    415.0    430.2    0.7    0.0    0.0   1.05  0.963   3.0527e-01   71.7   53.7   54.7  2.3 1.5
   1000  0.250000  0.0394 0.234211        5.56    2.45    6.08    1.98    0.61   -0.78    1.45    0.86   -0.35   -0.22   -1.09   -0.00   -0.00    0.20    0.37    0.00    0.20    1.14    324.0    345.8    0.5    0.0    0.0   1.18  0.936   2.4591e-01   64.6   58.6   53.6  2.3 1.5
   1000  0.400000  0.0246 0.120348        7.75    5.94    9.76    3.92    1.42   -2.74    4.46    1.27   -0.28   -0.62   -4.22    0.00   -0.00    0.20    0.37    0.00    0.20    1.73    167.0    185.2    0.3    0.0    0.0   1.61  0.900   1.3132e-01   57.4   54.0   44.2  2.3 1.5
   1200  0.080000  0.1477 0.423366        4.33    1.34    4.54    1.11    0.64    0.03    0.75    0.46   -0.26   -0.05    0.53   -0.00   -0.00    0.20    0.37    0.00    0.20    0.36    535.0    552.5    1.2    0.0    0.0   0.66  0.966   4.3042e-01   71.1   66.2   65.8  2.3 1.5
   1200  0.130000  0.0909 0.322411        5.38    1.83    5.68    1.62    0.99   -0.26    0.86    0.53   -0.24   -0.05    0.63    0.00   -0.00    0.20    0.36    0.00    0.20    0.85    347.0    386.7    0.7    0.0    0.0   0.78  0.896   3.5363e-01   69.5   60.5   58.0  2.3 1.5
   1200  0.180000  0.0656 0.295434        5.47    1.92    5.80    1.54    0.64    0.18    1.14    0.55   -0.32   -0.19    0.93    0.00   -0.00    0.20    0.36    0.00    0.20    1.01    335.0    348.9    0.6    0.0    0.0   0.82  0.959   3.0272e-01   74.5   58.2   59.7  2.3 1.5
   1200  0.250000  0.0473 0.266431        5.62    2.53    6.17    2.28    1.37   -1.01    1.09    0.89   -0.30   -0.31   -0.44   -0.00   -0.00    0.20    0.37    0.00    0.20    1.12    317.0    294.1    0.4    0.0    0.0   0.89  1.076   2.4318e-01   70.7   62.4   60.9  2.3 1.5
   1200  0.400000  0.0295 0.107959        8.59    6.07   10.52    4.01    2.31   -2.41    4.55    1.41   -0.53   -0.41   -4.28    0.00   -0.00    0.20    0.37    0.00    0.20    1.79    136.0    165.2    0.3    0.0    0.0   1.23  0.822   1.2904e-01   65.1   60.0   54.0  2.3 1.5
   1500  0.080000  0.1846 0.467343        5.12    1.66    5.38    1.49    1.13   -0.11    0.72    0.61   -0.19   -0.09    0.32    0.00   -0.00    0.20    0.36    0.00    0.20    0.36    458.0    425.4    1.0    0.0    0.0   0.73  1.074   4.2732e-01   71.5   68.3   68.5  2.3 1.5
   1500  0.130000  0.1136 0.303771        6.35    1.79    6.60    1.54    0.76   -0.12    0.91    0.52   -0.31   -0.09    0.68   -0.00   -0.00    0.20    0.36    0.00    0.20    0.87    249.0    291.7    0.6    0.0    0.0   0.88  0.852   3.5038e-01   68.3   63.2   60.2  2.3 1.5
   1500  0.180000  0.0820 0.290802        6.32    2.08    6.66    1.75    0.97   -0.08    1.13    0.60   -0.17    0.05    0.94   -0.00   -0.00    0.20    0.36    0.00    0.20    1.00    251.0    262.5    0.5    0.0    0.0   0.93  0.954   2.9935e-01   71.8   60.4   60.1  2.3 1.5
   1500  0.250000  0.0591 0.25675         6.39    2.69    6.93    2.49    1.57   -1.13    1.04    0.89   -0.16   -0.28   -0.42    0.00   -0.00    0.20    0.36    0.00    0.20    1.12    246.0    233.5    0.4    0.0    0.0   0.97  1.052   2.3976e-01   73.0   63.5   64.2  2.3 1.5
   1500  0.400000  0.0369 0.120277        8.89    5.14   10.27    3.60    2.07   -1.88    3.67    1.15   -0.19   -0.52   -3.44   -0.00   -0.00    0.20    0.37    0.00    0.20    1.81    127.0    135.6    0.2    0.0    0.0   1.27  0.935   1.2632e-01   69.4   62.8   60.4  2.3 1.5
   1500  0.650000  0.0227 0.0156232      16.04   12.51   20.35    7.26    4.36   -4.95   10.19    3.17   -0.56   -1.15   -9.60    0.00   -0.00    0.20    0.36    0.00    0.20    1.93     39.0     40.3    0.1    0.0    0.0   2.27  0.966   1.5889e-02   89.8   38.3   60.1  2.3 1.5
   2000  0.130000  0.1515 0.311406        7.22    1.85    7.45    1.72    0.97   -0.05    0.69    0.37   -0.18   -0.09    0.55    0.00   -0.00    0.20    0.37    0.00    0.20    0.88    193.0    217.2    0.5    0.0    0.0   0.99  0.886   3.4516e-01   68.2   64.3   61.3  2.3 1.5
   2000  0.180000  0.1094 0.293052        7.37    2.14    7.67    1.72    0.68    0.28    1.27    0.45   -0.26    0.05    1.16   -0.00   -0.00    0.20    0.37    0.00    0.20    1.01    185.0    188.8    0.4    0.0    0.0   1.08  0.978   2.9442e-01   67.3   63.5   59.8  2.3 1.5
   2000  0.250000  0.0788 0.2132          7.85    2.66    8.29    2.40    1.55   -0.82    1.15    1.05   -0.32   -0.28    0.18   -0.00   -0.00    0.20    0.36    0.00    0.20    1.11    163.0    182.6    0.3    0.0    0.0   1.09  0.891   2.3510e-01   72.2   64.7   65.8  2.3 1.5
   2000  0.400000  0.0492 0.117762        9.92    4.83   11.03    3.69    2.16   -1.86    3.12    1.33   -0.20   -0.36   -2.79   -0.00   -0.00    0.20    0.37    0.00    0.20    1.82    102.0    108.1    0.2    0.0    0.0   1.39  0.942   1.2282e-01   72.2   62.9   63.8  2.3 1.5
   2000  0.650000  0.0303 0.0131322      19.28   13.59   23.59    8.15    5.05   -5.54   10.87    3.09   -0.42   -1.40  -10.32    0.00   -0.00    0.20    0.36    0.00    0.20    1.91     27.0     31.7    0.1    0.0    0.0   2.53  0.850   1.5171e-02   94.4   44.0   65.7  2.3 1.5
   3000  0.180000  0.1641 0.268457        7.11    2.37    7.49    2.14    1.51   -0.09    1.02    0.89   -0.16   -0.03    0.46   -0.00   -0.00    0.29    0.36    0.00    0.20    1.01    199.0    215.0    0.5    0.0    0.0   0.99  0.923   2.8564e-01   57.4   70.2   62.6  2.3 1.5
   3000  0.250000  0.1181 0.219623        7.07    2.29    7.43    2.08    1.33   -0.17    0.97    0.76   -0.13   -0.10    0.58    0.00   -0.00    0.25    0.36    0.00    0.20    1.12    201.0    211.8    0.4    0.0    0.0   1.00  0.947   2.2778e-01   63.8   70.2   67.7  2.3 1.5
   3000  0.400000  0.0738 0.125825        8.29    4.56    9.46    3.88    2.60   -1.79    2.39    1.54   -0.07   -0.48   -1.77    0.00   -0.00    0.23    0.37    0.00    0.20    1.82    146.0    139.1    0.2    0.0    0.0   1.23  1.048   1.1797e-01   68.3   67.3   69.1  2.3 1.5
   3000  0.650000  0.0454 0.0128899      16.94   12.71   21.18    8.41    5.43   -5.69    9.53    3.46   -0.23   -1.22   -8.79   -0.00   -0.00    0.22    0.36    0.00    0.20    1.90     35.0     39.3    0.1    0.0    0.0   2.23  0.889   1.4247e-02   87.5   46.4   68.0  2.3 1.5
   5000  0.400000  0.1231 0.0959078      11.65    4.26   12.41    3.85    2.29   -1.77    1.83    1.42    0.17   -0.59   -0.98   -0.00   -0.00    0.86    0.36    0.00    0.20    1.80     74.0     87.4    0.2    0.0    0.0   1.51  0.845   1.1150e-01   66.9   68.0   71.4  2.3 1.5
   5000  0.650000  0.0757 0.00692006     27.87    8.21   29.05    6.12    3.32   -3.81    5.48    1.57    0.18   -0.94   -5.17    0.00   -0.00    0.83    0.37    0.00    0.20    1.92     13.0     25.1    0.1    0.0    0.0   2.70  0.516   1.3179e-02   89.4   47.2   73.0  2.3 1.5
   8000  0.650000  0.1212 0.0117447      25.07    8.30   26.40    7.14    4.69   -3.58    4.23    2.92   -0.16   -1.15   -2.84    0.00   -0.00    1.00    0.37    0.00    0.21    1.98     16.0     16.9    0.0    0.0    0.0   3.18  0.945   1.2212e-02  121.8   49.3   82.8  2.3 1.5
  12000  0.650000  0.1818 0.00797511     44.93    6.99   45.47    6.39    4.77   -2.77    2.84    2.39    0.29   -0.64   -1.37   -0.00   -0.00    1.00    0.37    0.00    0.78    2.00      5.0      7.2    0.0    0.0    0.0   1.92  0.696   1.1259e-02  109.1   57.4   82.9  2.3 1.5
