#-*-sh-*-
# 
# H1 HERA-I+HERA-II diffractive DIS data
# 

##########################################################
#  General parameters of this dataset 
##########################################################
AlposName                       "h1DdisComb"  # A unique alpos name 
Description                    	"H1 DDIS NC e-p 1999-2000 2004-2007"
Reference                       "Eur.Phys.J.C72 (2012) 2074" 
arXiv                           1203.4495
Inspire                         1094384
Title                           "Inclusive Measurement of Diffractive Deep-Inelastic Scattering at HERA"



########################################################## 
#  Theory function settings 
##########################################################  
TheoryFunction                   QcdnumDDISCS


########################################################## 
#  theory parameters, specific to this dataset 
#  not specified parameters are taken from default as
#  specified in the global steering file                                      
##########################################################          
sqrt-s                           319.       # sqrt-s only needed if y is not given in table
e-charge                         -1.
e-polarity                       0.
IsReducedCS                      true
IsNC                             true


##########################################################          
#
#   Data table
#
##########################################################          

#   ColumnType = 4*'Bin','Sigma',50*'Error'
#   ColumnName = 'xp','Q2','beta','mx','reduced x-section','stat','unc','cor','tot','d0','d1','d2','d3','d4','d5','d6','d7','d8','d9','d10','d11','d12','d13','d14','d15','d16','d17','d18','d19','d20','d21','d22','d23','d24','d25','d26','d27','d28','d29','d30','d31','d32','d33','d34','d35','d36','d37','d38','d39','d40','d41','d42','d43','d44','d45'
#   Percent =  50*true

Data {{
"xp"       "Q2"          "beta"      "mx"     "Sigma"    "stat"  "unc"  "cor" "tot"  "d0"   "d1"   "d2"   "d3"   "d4"   "d5"   "d6"   "d7"   "d8"   "d9"  "d10"  "d11"  "d12"  "d13"  "d14"  "d15"  "d16"  "d17"  "d18"  "d19"  "d20"  "d21"  "d22"  "d23"  "d24"  "d25"  "d26"  "d27"  "d28"  "d29"  "d30"  "d31"  "d32"  "d33"  "d34"  "d35"  "d36"  "d37"  "d38"  "d39"  "d40"  "d41"  "d42"  "d43"  "d44"  "d45" 
0.0003    3.5  0.1700     4.13379              0.02481   16.9   7.0   6.5  19.4   2.4 -1.2 -0.1 -0.1  0.2 -0.0  0.9  1.9  0.4  0.9 -1.4 -0.8  0.8 -0.1  0.1  1.5  0.4 -2.5  1.0 -0.1  0.1  0.8  1.2  1.4 -1.0  0.3 -1.6  1.2 -1.8  1.8 -0.1  0.8  0.0  0.4  0.0  0.0  0.0  0.0  0.0  0.0  0.0  0.0  0.0  0.0  0.0  0.0 
0.0003    3.5  0.2700     3.07619              0.02327    3.8   2.2   4.7   6.4   2.6 -1.2 -0.1 -0.1  0.0  0.0  0.1  0.5  0.2  0.2 -1.0  0.7  0.2 -0.0  0.1 -0.0 -1.0 -0.7 -0.6  0.0  0.0  1.4  0.7  1.1 -0.8 -1.8 -0.4  0.2  0.1 -0.1 -0.0  0.0 -0.4 -0.2  0.0  1.4  0.0  0.0  0.0  0.0  0.0  0.0  0.0  0.0  0.0  0.0 
0.0003    3.5  0.4300     2.15396              0.03720    3.2   2.3   3.9   5.5   2.5 -1.2 -0.1 -0.2 -0.1  0.1  0.0  0.3  0.1  0.5 -1.0  0.6  0.8 -0.1 -0.6 -0.6 -0.5 -0.4 -0.1  0.0  0.0 -1.2  0.0  0.1 -0.6  0.0  0.5  0.9  0.3 -0.7  0.0  0.3 -0.3 -0.0  0.0  0.0  0.0  0.0  0.0  0.0  0.0  0.0  0.0  0.0  0.0  0.0 
0.0003    3.5  0.6700     1.31297              0.04880    3.7   1.9   4.5   6.1   2.5 -1.2 -0.1 -0.2 -0.2  0.3  0.0  0.2  0.1  0.8 -0.2  0.8  0.7 -0.1 -0.3 -0.8 -0.6 -0.8 -0.2  0.1 -0.2 -2.1 -0.5 -0.4 -0.6  0.6  0.5  1.2  0.4 -1.0  0.1 -0.5 -0.3  0.1  0.0  0.0  0.0  0.0  0.0  0.0  0.0  0.0  0.0  0.0  0.0  0.0 
0.0003    5.0  0.2700     3.67675              0.03142    5.6   2.5   5.2   8.0   2.5 -1.2 -0.1 -0.1 -0.0  0.4  0.2  0.6  0.3  0.3 -1.2 -0.7  0.9 -0.3 -0.3 -1.3 -0.8 -1.0 -0.3  0.3 -0.1 -1.5 -0.2  0.0 -0.9  0.1 -0.0  1.5  0.5 -1.1  0.0  1.0 -0.4 -0.2  0.0  2.1  0.0  0.0  0.0  0.0  0.0  0.0  0.0  0.0  0.0  0.0 
0.0003    5.0  0.4300     2.57447              0.04465    3.9   2.3   4.2   6.2   2.5 -1.2 -0.1 -0.2 -0.1  0.1  0.2  0.5  0.2  0.7 -0.7  0.1  0.9 -0.1 -0.6 -1.1 -0.7 -0.6  0.2  0.3 -0.2 -1.5 -0.1 -0.1 -0.7  0.5  0.2  0.8  0.4 -0.9  0.0  0.6 -0.4 -0.1  0.0  0.0  0.0  0.0  0.0  0.0  0.0  0.0  0.0  0.0  0.0  0.0 
0.0003    5.0  0.6700     1.56929              0.05977    4.1   2.2   4.7   6.6   2.5 -1.2 -0.1 -0.2 -0.2  0.2  0.1  0.3  0.1  0.8 -0.1  0.7  0.7 -0.3 -0.6 -0.9 -0.8 -0.4  0.2  0.1 -0.1 -2.5 -0.2 -0.5 -0.5  1.2  0.1  0.9  0.6 -1.1  0.1  0.4 -0.3 -0.0  0.0  0.0  0.0  0.0  0.0  0.0  0.0  0.0  0.0  0.0  0.0  0.0 
0.0003    6.5  0.4300     2.93535              0.05005    5.5   2.3   5.1   7.8   2.5 -1.2 -0.1 -0.3 -0.2 -0.1  0.2  0.2  0.2  0.8 -0.5  0.2  1.4 -0.4 -0.8 -1.4 -0.8 -0.9  0.3  0.3 -0.1 -2.1 -0.0 -0.2 -0.8  1.0 -0.4  0.7  0.9 -1.5  0.1  0.9 -0.3 -0.0  0.0  0.0  0.0  0.0  0.0  0.0  0.0  0.0  0.0  0.0  0.0  0.0 
0.0003    6.5  0.6700     1.78927              0.06865    4.8   2.4   4.8   7.2   2.5 -1.2 -0.1 -0.2 -0.2  0.2  0.2  0.2  0.2  0.9  0.2  0.8  0.9 -0.3 -0.6 -1.3 -0.5 -0.5  0.2  0.0  0.1 -2.2  0.0 -0.2 -0.7  0.9 -0.2  1.0  0.6 -1.2  0.1  0.6 -0.3 -0.1  0.0  0.0  0.0  0.0  0.0  0.0  0.0  0.0  0.0  0.0  0.0  0.0 
0.0003    8.5  0.4300     3.3567               0.03764   17.8   3.5   6.3  19.2   2.5 -1.2 -0.1 -0.2 -0.1  0.2  0.2 -0.3  0.3  0.8 -0.6  0.2  1.3 -1.5 -1.0 -2.4 -1.1  0.3 -0.1  0.2  0.7 -1.3  1.2  1.0 -1.4  1.5 -0.8  2.5 -1.2  0.5  0.1 -0.9 -0.1  0.4  0.0  0.0  0.0  0.0  0.0  0.0  0.0  0.0  0.0  0.0  0.0  0.0 
0.0003    8.5  0.6700     2.04611              0.06919    5.7   2.7   5.0   8.1   2.5 -1.2 -0.1 -0.2 -0.1  0.4  0.3  0.2  0.2  1.1  0.2  0.5  1.5 -0.1 -0.8 -1.7 -0.4 -0.7  0.3  0.3 -0.1 -2.0 -0.1 -0.1 -0.8  0.9  0.1  1.1  0.6 -1.2  0.0  0.8 -0.3 -0.0  0.0  0.0  0.0  0.0  0.0  0.0  0.0  0.0  0.0  0.0  0.0  0.0 
0.0003   12.0  0.6700     2.43114              0.06314    1.2   1.5   5.0   5.3   2.6 -1.2 -0.1 -0.2 -0.3  0.2  0.6  0.2  0.4  0.6  0.2  0.3 -0.9 -0.9  0.0 -1.8 -1.4 -1.3  0.8 -0.3  0.6 -1.4 -0.6 -0.5 -0.3 -0.8  0.0 -0.4  0.7  0.9 -1.0 -0.1  0.4 -0.2 -0.4  0.0  0.0  0.0  0.0  0.0  0.0  0.0  0.0  0.0  0.0  0.0 
0.0010    3.5  0.0500     8.15475              0.01945   14.9   4.9   7.3  17.3   2.4 -1.2 -0.1  0.0  0.2  0.2  0.1 -0.5  0.3 -1.0 -1.6 -1.1  2.0 -0.3  0.0  2.7  0.6 -4.3  1.8  0.3 -0.6  0.4  0.6  1.1 -0.8  0.3 -1.1  0.6 -1.2  1.1 -0.1  0.4 -0.1  0.5  0.0  0.0  0.0  0.0  0.0  0.0  0.0  0.0  0.0  0.0  0.0  0.0 
0.0010    3.5  0.0800     6.34429              0.02203    3.9   2.1   5.1   6.7   2.6 -1.2 -0.1  0.0  0.2  0.5 -0.1  0.0  0.2 -0.3 -1.2 -0.5  0.2  0.6 -0.1  0.4 -0.4 -0.2 -0.9 -0.1 -0.1  1.0 -0.3  0.3 -0.6  0.0 -2.4 -0.8  0.1  0.3 -0.0 -0.1 -0.5 -0.2  0.0 -2.3  0.0  0.0  0.0  0.0  0.0  0.0  0.0  0.0  0.0  0.0 
0.0010    3.5  0.1300     4.83974              0.02087    3.7   2.1   4.2   5.9   2.5 -1.2 -0.1 -0.1  0.1  0.2 -0.0  0.4  0.3 -0.4 -1.0 -0.4  0.2  0.8 -0.2  0.5 -0.3  0.2 -0.8  0.1 -0.2  1.4 -0.6  0.2 -0.4 -0.2 -1.4 -0.9 -0.1  0.6 -0.1 -0.2 -0.5 -0.2  0.0  0.0  0.0  0.0  0.0  0.0  0.0  0.0  0.0  0.0  0.0  0.0 
0.0010    3.5  0.2000     3.74166              0.02188    3.7   2.1   4.1   6.0   2.6 -1.2 -0.1 -0.0  0.2  0.4  0.0  0.4  0.3 -0.3 -0.9 -0.3  0.3  0.7 -0.2  0.6  0.0  0.3 -0.5  0.0 -0.2  1.7 -0.4  0.4 -0.3 -1.1  0.5 -0.3 -0.5  0.9 -0.1 -0.1 -0.4 -0.1  0.0  0.0  0.0  0.0  0.0  0.0  0.0  0.0  0.0  0.0  0.0  0.0 
0.0010    3.5  0.3200     2.72718              0.02622    3.6   1.9   3.9   5.7   2.7 -1.2 -0.1 -0.1  0.1  0.2 -0.1  0.1  0.2 -0.3 -0.8 -0.0  0.3  0.3 -0.2  0.3 -0.3  0.1 -0.3  0.3 -0.4  1.7 -0.5  0.3 -0.2 -0.7  0.4 -0.8 -0.3  0.6 -0.1  0.1 -0.4  0.0  0.0  0.0  0.0  0.0  0.0  0.0  0.0  0.0  0.0  0.0  0.0  0.0 
0.0010    3.5  0.5000     1.87083              0.02897    5.4   3.0   3.3   7.0   2.5 -1.2 -0.1 -0.1 -0.1  0.2 -0.3 -0.2  0.1 -0.0 -0.8 -0.0  0.2 -0.1 -0.2 -0.2 -0.8 -0.1 -0.4  0.1 -0.2 -0.6 -0.2 -0.0 -0.4  0.2  0.2 -0.1  0.1 -0.3  0.0 -0.4 -0.1  0.5  0.0  0.0  0.0  0.0  0.0  0.0  0.0  0.0  0.0  0.0  0.0  0.0 
0.0010    3.5  0.8000     0.935414             0.04622    7.4   2.7   4.6   9.1   2.6 -1.2 -0.1 -0.1 -0.2  0.3 -0.5 -0.6  0.1 -0.2  0.4  0.6 -0.9 -0.7  0.5 -0.4 -0.6 -0.3  0.2  0.1 -0.3 -0.8 -0.2 -0.2 -0.2  0.2  0.2  0.2  0.2 -0.4  0.0 -0.5 -0.2  0.4  0.0  2.8  0.0  0.0  0.0  0.0  0.0  0.0  0.0  0.0  0.0  0.0 
0.0010    5.0  0.0800     7.58288              0.02777    5.7   2.2   4.3   7.4   2.6 -1.2 -0.1 -0.1  0.1  0.0  0.0  0.2  0.3 -0.5 -1.5 -1.1  0.7  0.4 -0.1  0.1 -0.1 -0.8 -0.4  0.1 -0.1  1.0 -0.1  0.6 -0.7 -0.5 -1.5 -0.0 -0.1  0.3 -0.0 -0.2 -0.5 -0.2  0.0  0.0  0.0  0.0  0.0  0.0  0.0  0.0  0.0  0.0  0.0  0.0 
0.0010    5.0  0.1300     5.78459              0.02411    4.2   2.1   4.3   6.4   2.6 -1.2 -0.1 -0.1  0.1  0.1 -0.1  0.5  0.3 -0.5 -1.1 -0.4 -0.2  0.6 -0.1  0.4 -0.4  0.3 -0.4  0.2 -0.3  1.7 -0.5  0.3 -0.3 -0.2 -1.1 -0.9 -0.4  0.9 -0.1 -0.4 -0.5 -0.2  0.0  0.0  0.0  0.0  0.0  0.0  0.0  0.0  0.0  0.0  0.0  0.0 
0.0010    5.0  0.2000     4.47214              0.02495    3.9   2.2   4.1   6.1   2.6 -1.2 -0.1 -0.0  0.1  0.2 -0.1  0.2  0.2 -0.4 -0.9 -0.3  0.2  0.4 -0.1  0.6 -0.5  0.0 -0.7  0.1 -0.3  1.7 -0.3  0.5 -0.3 -1.1  0.0 -0.5 -0.3  0.6 -0.1 -0.3 -0.5 -0.2  0.0  0.0  0.0  0.0  0.0  0.0  0.0  0.0  0.0  0.0  0.0  0.0 
0.0010    5.0  0.3200     3.2596               0.03026    3.6   2.2   4.0   5.9   2.6 -1.2 -0.1 -0.1  0.1  0.1 -0.0  0.4  0.2 -0.2 -0.9 -0.1  0.2  0.4 -0.0  0.2 -0.4 -0.0 -0.6  0.3 -0.3  1.8 -0.4  0.5 -0.4 -1.0 -0.1 -0.5 -0.2  0.6 -0.1 -0.2 -0.4 -0.1  0.0  0.0  0.0  0.0  0.0  0.0  0.0  0.0  0.0  0.0  0.0  0.0 
0.0010    5.0  0.5000     2.23607              0.03570    3.6   2.4   3.3   5.4   2.5 -1.2 -0.1 -0.1 -0.1  0.1 -0.1  0.3  0.2  0.0 -0.6 -0.4  0.2  0.2 -0.4 -0.2 -0.4  0.1  0.1  0.2 -0.3 -0.6 -0.7 -0.3 -0.2  0.5  0.7  0.2 -0.1 -0.0 -0.0  0.2 -0.3  0.0  0.0  0.0  0.0  0.0  0.0  0.0  0.0  0.0  0.0  0.0  0.0  0.0 
0.0010    5.0  0.8000     1.11803              0.04197    4.6   2.8   5.4   7.6   2.5 -1.2 -0.1 -0.2 -0.2  0.2 -0.3  0.2  0.1  0.1  0.5  0.5 -0.8 -0.4  0.5 -0.7 -1.1 -0.6 -0.4  0.7 -1.0 -0.7 -1.8 -0.9 -0.1  0.8  0.4  0.5 -0.0 -0.2  0.0  0.1 -0.4 -0.0  0.0  3.2  0.0  0.0  0.0  0.0  0.0  0.0  0.0  0.0  0.0  0.0 
0.0010    6.5  0.1300     6.59545              0.02825    5.4   2.2   3.9   7.0   2.6 -1.2 -0.1 -0.2  0.0 -0.2  0.1  0.4  0.3 -0.1 -0.7 -0.7  0.5  0.2 -0.2  0.2 -0.4 -0.2 -0.3 -0.1  0.1  1.0  0.5  0.8 -0.6 -0.7 -1.2 -0.4  0.1  0.2 -0.0 -0.1 -0.4 -0.2  0.0  0.0  0.0  0.0  0.0  0.0  0.0  0.0  0.0  0.0  0.0  0.0 
0.0010    6.5  0.2000     5.09902              0.03057    4.5   2.2   4.1   6.5   2.6 -1.2 -0.1  0.0  0.2  0.6 -0.0  0.4  0.2 -0.3 -1.2 -0.3  0.3  0.5 -0.2  0.3 -0.3  0.1 -0.3  0.2 -0.3  1.5 -0.4  0.3 -0.4 -0.4 -0.7 -0.9 -0.2  0.6 -0.1 -0.2 -0.5 -0.2  0.0  0.0  0.0  0.0  0.0  0.0  0.0  0.0  0.0  0.0  0.0  0.0 
0.0010    6.5  0.3200     3.71652              0.03104    4.4   2.4   3.7   6.2   2.6 -1.2 -0.1 -0.1  0.0  0.0 -0.1  0.2  0.2 -0.3 -0.9 -0.1  0.3  0.4 -0.3  0.2 -0.4  0.2 -0.3  0.0 -0.1  1.2  0.0  0.5 -0.4 -0.6 -0.5 -0.4 -0.1  0.4 -0.0 -0.1 -0.5 -0.2  0.0  0.0  0.0  0.0  0.0  0.0  0.0  0.0  0.0  0.0  0.0  0.0 
0.0010    6.5  0.5000     2.54951              0.03740    4.1   2.4   3.5   5.9   2.5 -1.2 -0.1 -0.1 -0.1  0.3 -0.2  0.1  0.2  0.0 -0.8  0.1  0.4  0.3 -0.6 -0.2 -0.2  0.1  0.2  0.1 -0.3 -0.7 -0.6 -0.4 -0.3  0.8  0.0 -0.1  0.0 -0.1 -0.0  0.0 -0.4 -0.1  0.0 -1.0  0.0  0.0  0.0  0.0  0.0  0.0  0.0  0.0  0.0  0.0 
0.0010    6.5  0.8000     1.27475              0.05006    4.8   2.3   5.2   7.4   2.6 -1.2 -0.1 -0.2 -0.3  0.1 -0.3  0.3  0.0  0.5 -0.0  1.0 -0.5 -0.2 -0.0 -0.5 -0.5 -0.2  0.2  0.5 -0.8 -1.0 -1.5 -0.9 -0.1  1.3  0.3  0.3 -0.1 -0.0 -0.0  0.2 -0.4 -0.1  0.0  3.0  0.0  0.0  0.0  0.0  0.0  0.0  0.0  0.0  0.0  0.0 
0.0010    8.5  0.1300     7.54219              0.03321    7.7   2.2   4.9   9.4   2.7 -1.2 -0.1 -0.1  0.2  0.2  0.1  0.3  0.3 -0.3 -1.5 -0.6  0.7  0.4  0.0  0.3 -0.9 -1.1 -0.3  0.3 -0.2  1.9  0.6  1.2 -0.7 -1.8 -0.2 -0.1  0.1  0.1 -0.0 -0.1 -0.5 -0.2  0.0  0.0  0.0  0.0  0.0  0.0  0.0  0.0  0.0  0.0  0.0  0.0 
0.0010    8.5  0.2000     5.83095              0.03233    4.8   2.1   3.8   6.4   2.6 -1.2 -0.1 -0.1  0.1  0.3 -0.1  0.1  0.3 -0.4 -1.0 -0.5  0.3  0.2  0.0  0.3 -0.2 -0.2 -0.8  0.0 -0.2  1.1 -0.4  0.4 -0.5 -0.7 -0.9 -0.3 -0.1  0.3 -0.0 -0.1 -0.5 -0.2  0.0  0.0  0.0  0.0  0.0  0.0  0.0  0.0  0.0  0.0  0.0  0.0 
0.0010    8.5  0.3200     4.25                 0.03332    4.3   2.3   3.6   6.1   2.6 -1.2 -0.1 -0.1  0.0  0.1 -0.2  0.1  0.2 -0.4 -0.8 -0.1  0.2  0.5 -0.2  0.4 -0.5  0.0 -0.4  0.1 -0.3  1.2 -0.4  0.3 -0.3 -0.6 -0.3 -0.6 -0.1  0.4 -0.0 -0.2 -0.5 -0.2  0.0  0.0  0.0  0.0  0.0  0.0  0.0  0.0  0.0  0.0  0.0  0.0 
0.0010    8.5  0.5000     2.91548              0.03871    4.5   2.7   3.7   6.4   2.6 -1.2 -0.1 -0.1  0.0  0.3 -0.2  0.0  0.2 -0.2 -0.6  0.3  0.1  0.3 -0.1  0.1 -0.5 -0.1 -0.2  0.3 -0.4  1.0 -0.6  0.1 -0.3 -0.3 -0.1 -0.5 -0.1  0.3 -0.0 -0.1 -0.5 -0.1  0.0 -1.3  0.0  0.0  0.0  0.0  0.0  0.0  0.0  0.0  0.0  0.0 
0.0010    8.5  0.8000     1.45774              0.04488    5.5   2.6   4.6   7.6   2.6 -1.2 -0.1 -0.2 -0.2  0.1 -0.2  0.1  0.1  0.3  0.5  0.9 -0.5 -0.4 -0.1  0.1 -0.9  0.2  0.3  0.1 -0.3 -0.7 -0.4 -0.3 -0.1  0.5  0.6  0.1 -0.1  0.0 -0.0  0.1 -0.4 -0.0  0.0  2.9  0.0  0.0  0.0  0.0  0.0  0.0  0.0  0.0  0.0  0.0 
0.0010   12.0  0.2000     6.9282               0.03227    1.0   1.5   3.3   3.8   2.5 -1.2 -0.1 -0.0  0.2  0.1 -0.0  0.3  0.3 -0.0 -0.9 -0.2  0.5  0.2 -0.2 -0.0 -0.4 -0.4  0.2 -0.3  0.4  0.7 -0.1 -0.3 -0.5  0.3  0.2 -0.0  0.5  0.1 -0.0 -0.1  0.3 -0.1 -0.3  0.0  0.0  0.0  0.0  0.0  0.0  0.0  0.0  0.0  0.0  0.0 
0.0010   12.0  0.3200     5.04975              0.03650    1.1   1.6   3.2   3.7   2.6 -1.2 -0.1 -0.0  0.1  0.1  0.1  0.1  0.3 -0.1 -0.8 -0.2 -0.1 -0.1  0.0 -0.3 -0.6 -0.4  0.2 -0.2 -0.2  0.1 -0.1 -0.3 -0.3 -0.1  0.0 -0.1  0.3  0.2 -0.2 -0.1  0.3 -0.2 -0.2  0.0  0.0  0.0  0.0  0.0  0.0  0.0  0.0  0.0  0.0  0.0 
0.0010   12.0  0.5000     3.4641               0.04438    1.4   1.8   3.2   3.9   2.6 -1.2 -0.1 -0.2 -0.1  0.2 -0.3  0.2  0.1 -0.1 -0.6 -0.1 -0.2 -0.2  0.1 -0.4 -0.7 -0.3  0.3  0.0 -0.1 -0.4 -0.2 -0.2 -0.2 -0.0  0.1 -0.1  0.4  0.2 -0.1 -0.0  0.3 -0.2 -0.2  0.0  0.0  0.0  0.0  0.0  0.0  0.0  0.0  0.0  0.0  0.0 
0.0010   12.0  0.8000     1.73205              0.05118    1.7   2.1   4.4   5.1   2.6 -1.2 -0.1 -0.2 -0.2  0.2 -0.3  0.2  0.1  0.4  0.4  0.6 -0.3 -0.2  0.3 -0.5 -0.6 -0.4  0.3 -0.1 -0.2 -0.4 -0.3  0.1  0.1 -0.1  0.0 -0.0  0.3  0.2 -0.1 -0.0  0.3 -0.2 -0.2  2.8  0.0  0.0  0.0  0.0  0.0  0.0  0.0  0.0  0.0  0.0 
0.0010   15.0  0.2000     7.74597              0.04107   11.6   2.1   4.5  12.6   2.5 -1.2 -0.1 -0.1  0.1  0.2 -0.1 -0.0  0.3 -0.7 -1.5 -0.8  0.3 -0.3 -0.1 -0.1  0.6 -0.6  0.5 -0.1  0.2  0.8  0.8  1.0 -0.8  0.2 -1.1  0.8 -1.1  1.2 -0.1  0.5 -0.0  0.4  0.0  0.0  0.0  0.0  0.0  0.0  0.0  0.0  0.0  0.0  0.0  0.0 
0.0010   15.0  0.3200     5.64579              0.03840    1.1   1.4   3.2   3.6   2.6 -1.2 -0.1 -0.1  0.0  0.1 -0.0  0.2  0.3 -0.1 -0.8 -0.3  0.0 -0.1 -0.1 -0.4 -0.5 -0.4  0.2 -0.1 -0.1  0.1  0.0 -0.3 -0.2 -0.1  0.0 -0.1  0.3  0.3 -0.2 -0.0  0.3 -0.1 -0.3  0.0  0.0  0.0  0.0  0.0  0.0  0.0  0.0  0.0  0.0  0.0 
0.0010   15.0  0.5000     3.87298              0.04522    1.4   1.6   3.3   3.9   2.6 -1.2 -0.1 -0.1 -0.1  0.2 -0.2  0.1  0.2 -0.1 -0.6 -0.0 -0.2 -0.2  0.1 -0.5 -0.6 -0.4  0.3  0.1 -0.3 -0.5 -0.2 -0.3 -0.3 -0.2  0.1 -0.2  0.4  0.2 -0.1 -0.1  0.3 -0.1 -0.2  0.0  0.0  0.0  0.0  0.0  0.0  0.0  0.0  0.0  0.0  0.0 
0.0010   15.0  0.8000     1.93649              0.04816    1.8   2.0   4.2   5.0   2.7 -1.2 -0.1 -0.2 -0.2  0.3 -0.3  0.1  0.1  0.4  0.4  0.6 -0.3 -0.3  0.3 -0.4 -0.6 -0.3  0.2  0.2 -0.5 -0.6 -0.1 -0.3 -0.4 -0.2  0.1 -0.1  0.4  0.2 -0.1 -0.1  0.3 -0.1 -0.2  2.4  0.0  0.0  0.0  0.0  0.0  0.0  0.0  0.0  0.0  0.0 
0.0010   20.0  0.3200     6.5192               0.03892    1.2   1.5   3.2   3.8   2.5 -1.2 -0.1 -0.1 -0.1  0.1  0.0  0.2  0.2  0.0 -0.8 -0.2  0.2 -0.0 -0.1 -0.6 -0.6 -0.5  0.3 -0.1  0.2 -0.2 -0.2 -0.2 -0.3 -0.2  0.0 -0.2  0.3  0.3 -0.2 -0.0  0.3 -0.1 -0.3  0.0  0.0  0.0  0.0  0.0  0.0  0.0  0.0  0.0  0.0  0.0 
0.0010   20.0  0.5000     4.47214              0.04528    1.3   1.6   3.2   3.9   2.5 -1.2 -0.1 -0.1 -0.1  0.2 -0.0  0.1  0.2  0.0 -0.6 -0.1 -0.1 -0.2 -0.1 -0.8 -0.5 -0.5  0.3  0.1 -0.3 -0.6 -0.1 -0.3 -0.1 -0.4  0.0 -0.2  0.3  0.3 -0.2 -0.1  0.3 -0.1 -0.2  0.0  0.0  0.0  0.0  0.0  0.0  0.0  0.0  0.0  0.0  0.0 
0.0010   20.0  0.8000     2.23607              0.04510    1.9   1.9   4.1   4.9   2.6 -1.2 -0.1 -0.0 -0.2  0.2 -0.2  0.2 -0.0  0.3  0.4  0.5 -0.3 -0.2  0.3 -0.6 -0.7 -0.3  0.4  0.1 -0.5 -0.7 -0.3 -0.1 -0.3 -0.2  0.1 -0.2  0.4  0.3 -0.0 -0.1  0.3 -0.1 -0.1  2.2  0.0  0.0  0.0  0.0  0.0  0.0  0.0  0.0  0.0  0.0 
0.0010   25.0  0.3200     7.28869              0.05186   23.8   2.6   4.6  24.4   2.6 -1.2 -0.1 -0.1  0.1  0.2 -0.2 -0.5  0.2  0.1 -1.4 -0.5  0.4 -0.2 -0.6 -1.0 -1.1  0.4 -0.4  0.1  0.4  0.4  0.9  1.0 -1.0  0.6 -0.9  1.0 -1.1  0.9 -0.1  0.2 -0.1  0.4  0.0  0.0  0.0  0.0  0.0  0.0  0.0  0.0  0.0  0.0  0.0  0.0 
0.0010   25.0  0.5000     5                    0.04764    1.3   1.6   3.4   4.0   2.5 -1.2 -0.1 -0.1 -0.1  0.2  0.1  0.1  0.2  0.3 -0.2  0.2 -0.1 -0.2 -0.1 -1.0 -0.6 -0.6  0.2  0.1 -0.2 -0.8 -0.1 -0.3  0.1 -0.5 -0.1 -0.3  0.3  0.4 -0.3 -0.1  0.3 -0.2 -0.2  0.0  0.0  0.0  0.0  0.0  0.0  0.0  0.0  0.0  0.0  0.0 
0.0010   25.0  0.8000     2.5                  0.04499    1.9   1.9   3.9   4.8   2.5 -1.2 -0.1 -0.2 -0.2  0.2 -0.2  0.1  0.2  0.4  0.2  0.5 -0.2 -0.2  0.3 -0.8 -0.6 -0.3  0.4  0.1 -0.6 -1.0 -0.3 -0.1 -0.2 -0.4  0.0 -0.2  0.3  0.4  0.0 -0.1  0.3 -0.1 -0.1  1.8  0.0  0.0  0.0  0.0  0.0  0.0  0.0  0.0  0.0  0.0 
0.0010   35.0  0.5000     5.91608              0.04718    1.8   1.9   3.6   4.4   2.5 -1.2 -0.1 -0.1  0.0  0.1  0.2  0.1  0.4  0.1 -0.7 -0.1 -0.1 -0.3 -0.1 -1.1 -0.7 -0.5  0.3  0.2 -0.3 -0.9 -0.1 -0.1  0.2 -0.5 -0.1 -0.3  0.2  0.5 -0.4 -0.1  0.3 -0.1 -0.3  0.0  0.0  0.0  0.0  0.0  0.0  0.0  0.0  0.0  0.0  0.0 
0.0010   35.0  0.8000     2.95804              0.04344    2.1   2.2   4.0   5.1   2.6 -1.2 -0.1 -0.1 -0.2  0.2 -0.0  0.1  0.1  0.3  0.0  0.3 -0.2 -0.3 -0.0 -1.1 -0.6 -0.5  0.3  0.3 -0.6 -1.2 -0.2 -0.2  0.1 -0.6 -0.0 -0.4  0.3  0.6 -0.1 -0.1  0.4 -0.1 -0.2  1.5  0.0  0.0  0.0  0.0  0.0  0.0  0.0  0.0  0.0  0.0 
0.0010   45.0  0.8000     3.3541               0.04048    2.6   2.6   4.5   5.8   2.6 -1.2 -0.1 -0.1 -0.2  0.2  0.1  0.1  0.3  0.3 -0.2  0.2 -0.2 -0.4 -0.1 -1.4 -0.7 -0.5  0.2  0.5 -0.7 -1.6 -0.1 -0.2  0.3 -0.9 -0.2 -0.4  0.2  0.7 -0.4 -0.1  0.4 -0.2 -0.3  1.8  0.0  0.0  0.0  0.0  0.0  0.0  0.0  0.0  0.0  0.0 
0.0030    3.5  0.0170     14.2261              0.01604   16.3   5.7   7.1  18.6   2.3 -1.2 -0.1 -0.0  0.1  0.2 -0.1 -0.6  0.1  0.0 -1.6 -0.8  1.4  0.3 -0.1  2.6 -1.0 -4.2  1.1  0.2 -0.4 -0.7  0.9  1.1 -1.0  0.7 -1.2  1.4 -1.4  1.1 -0.1  0.0 -0.1  0.5  0.0  0.0  0.0  0.0  0.0  0.0  0.0  0.0  0.0  0.0  0.0  0.0 
0.0030    3.5  0.0270     11.2307              0.01785    4.2   2.7   4.6   6.8   2.5 -1.2 -0.1 -0.1  0.0  0.1 -0.1  0.1  0.2 -0.2 -1.1 -0.3  0.2  0.4 -0.4  0.4 -0.5  0.1  0.1 -0.4  0.3 -0.1  0.8  0.4 -0.5  0.4 -2.2 -0.9  0.4 -0.2 -0.0  0.0 -0.4 -0.2  0.0 -1.9  0.0  0.0  0.0  0.0  0.0  0.0  0.0  0.0  0.0  0.0 
0.0030    3.5  0.0430     8.82583              0.01585    4.2   2.6   3.4   6.0   2.5 -1.2 -0.1 -0.0  0.1  0.4  0.1  0.3  0.2  0.1 -0.6  0.1  0.4  0.1 -0.3  0.2 -0.8  0.0 -0.1 -0.2  0.2  0.2  0.7  0.6 -0.5 -0.7  0.1  0.1  0.1 -0.1 -0.0  0.1 -0.4 -0.1  0.0  0.0  0.0  0.0  0.0  0.0  0.0  0.0  0.0  0.0  0.0  0.0 
0.0030    3.5  0.0670     6.98132              0.01758    4.2   2.4   3.6   6.0   2.5 -1.2 -0.1 -0.1  0.0  0.2 -0.1  0.1  0.2  0.0 -1.1  0.0  0.4  0.4 -0.4  0.4 -0.2  0.2 -0.3 -0.4  0.2  0.0  0.3  0.3 -0.5 -0.0 -1.3 -0.6  0.3 -0.1 -0.0  0.0 -0.4 -0.1  0.0  0.0  0.0  0.0  0.0  0.0  0.0  0.0  0.0  0.0  0.0  0.0 
0.0030    3.5  0.1100     5.32148              0.01841    6.8   2.5   3.3   8.0   2.5 -1.2 -0.1 -0.1  0.0  0.2 -0.2  0.1  0.2 -0.3 -0.9 -0.1 -0.0  0.8 -0.1  0.1  0.1  0.2 -0.4 -0.2  0.0  0.3 -0.2  0.1 -0.3 -0.2 -0.1 -0.4 -0.1  0.2 -0.1  0.2 -0.1  0.4  0.0  0.0  0.0  0.0  0.0  0.0  0.0  0.0  0.0  0.0  0.0  0.0 
0.0030    3.5  0.1700     4.13379              0.01678    7.1   2.9   3.3   8.4   2.6 -1.2 -0.1 -0.1  0.0  0.2 -0.1  0.2  0.2 -0.2 -0.9 -0.1  0.3  0.6 -0.2 -0.2 -0.1  0.3 -0.2  0.1 -0.1  0.7 -0.1  0.2 -0.3 -0.2 -0.1 -0.6 -0.1  0.2 -0.1  0.2 -0.1  0.5  0.0  0.0  0.0  0.0  0.0  0.0  0.0  0.0  0.0  0.0  0.0  0.0 
0.0030    3.5  0.2700     3.07619              0.02215    7.9   4.3   4.6  10.1   2.6 -1.2 -0.1  0.1 -0.0  0.5 -1.1 -2.7  0.0 -1.5 -0.5  0.1  0.3  0.7 -0.2  0.1  0.6  0.1 -0.2 -0.2 -0.0  0.4 -0.4  0.1 -0.2 -0.3  0.0 -0.6  0.1  0.1 -0.1  0.2 -0.1  0.4  0.0  0.0  0.0  0.0  0.0  0.0  0.0  0.0  0.0  0.0  0.0  0.0 
0.0030    5.0  0.0270     13.4233              0.02143    6.4   2.8   4.7   8.4   2.5 -1.2 -0.1 -0.0  0.2  0.3  0.1  0.2  0.3 -0.3 -1.3 -0.6  0.8  0.2 -0.3  1.0 -0.5 -0.6 -0.0 -0.4  0.3  0.5  1.0  1.0 -0.6 -1.4  0.9  0.8 -0.4  0.4 -0.0  0.1 -0.4 -0.1  0.0 -1.6  0.0  0.0  0.0  0.0  0.0  0.0  0.0  0.0  0.0  0.0 
0.0030    5.0  0.0430     10.5489              0.02163    4.7   2.5   3.9   6.5   2.5 -1.2 -0.1 -0.1  0.0  0.1 -0.0  0.3  0.2 -0.2 -1.1 -0.1  0.2  0.5 -0.5  0.6 -0.3  0.5  0.3 -0.5  0.4  0.2  1.0  0.6 -0.4 -0.0 -1.2 -0.7  0.0  0.3 -0.0 -0.2 -0.4 -0.2  0.0  0.0  0.0  0.0  0.0  0.0  0.0  0.0  0.0  0.0  0.0  0.0 
0.0030    5.0  0.0670     8.34427              0.01994    4.5   2.3   3.5   6.2   2.6 -1.2 -0.1 -0.1  0.0  0.2 -0.1  0.1  0.2 -0.2 -1.1 -0.1  0.2  0.4 -0.3  0.3 -0.4  0.4  0.0 -0.2  0.1  0.4  0.4  0.4 -0.4 -0.1 -0.7 -0.6 -0.1  0.3 -0.0 -0.1 -0.4 -0.1  0.0  0.0  0.0  0.0  0.0  0.0  0.0  0.0  0.0  0.0  0.0  0.0 
0.0030    5.0  0.1100     6.36039              0.01834    4.4   2.5   3.4   6.1   2.5 -1.2 -0.1 -0.1  0.0  0.2 -0.1  0.2  0.2 -0.0 -0.8 -0.2  0.3  0.3 -0.5  0.7 -0.4  0.4  0.0 -0.2  0.0  0.6  0.2  0.3 -0.2 -0.2 -0.3 -0.8 -0.1  0.3 -0.0 -0.1 -0.4 -0.1  0.0  0.0  0.0  0.0  0.0  0.0  0.0  0.0  0.0  0.0  0.0  0.0 
0.0030    5.0  0.1700     4.94083              0.02068    4.3   2.4   3.5   6.0   2.6 -1.2 -0.1 -0.1  0.0  0.2 -0.1  0.2  0.2 -0.2 -1.1 -0.1  0.5  0.4 -0.1  0.4 -0.3  0.3 -0.2 -0.0 -0.2  0.7 -0.3  0.1 -0.2  0.0 -0.4 -0.7 -0.1  0.4 -0.1 -0.1 -0.5 -0.2  0.0  0.0  0.0  0.0  0.0  0.0  0.0  0.0  0.0  0.0  0.0  0.0 
0.0030    5.0  0.2700     3.67675              0.02472    3.9   2.5   3.5   5.8   2.5 -1.2 -0.1 -0.0  0.1  0.4 -0.2  0.0  0.1 -0.3 -1.2  0.4  0.2  0.6 -0.4  0.3 -0.2  0.3  0.0  0.0 -0.2  0.8 -0.2  0.2 -0.2 -0.3  0.3 -0.4 -0.3  0.5 -0.1 -0.2 -0.5 -0.2  0.0  0.0  0.0  0.0  0.0  0.0  0.0  0.0  0.0  0.0  0.0  0.0 
0.0030    5.0  0.4300     2.57447              0.02922    9.9   5.2   5.6  12.5   2.6 -1.2 -0.0  0.1 -0.1  0.6 -1.4 -3.8  0.0 -2.0  0.1  0.5  0.2  0.2 -0.3 -0.3  0.7  0.3 -0.4 -0.3  0.2  0.3 -0.2  0.3 -0.3 -0.2 -0.1 -0.2 -0.1  0.2 -0.0  0.2 -0.1  0.4  0.0  0.0  0.0  0.0  0.0  0.0  0.0  0.0  0.0  0.0  0.0  0.0 
0.0030    6.5  0.0430     12.0276              0.02452    6.0   2.5   3.8   7.5   2.5 -1.2 -0.1 -0.0  0.1  0.3  0.0  0.1  0.3 -0.2 -0.7 -0.5  0.4  0.4 -0.1  0.4 -0.4 -0.3 -0.3 -0.3  0.2  0.3  0.6  0.7 -0.6 -0.7 -0.8 -0.1  0.1  0.0 -0.0  0.1 -0.4 -0.2  0.0 -1.3  0.0  0.0  0.0  0.0  0.0  0.0  0.0  0.0  0.0  0.0 
0.0030    6.5  0.0670     9.51393              0.02060    5.4   2.5   3.4   6.8   2.5 -1.2 -0.1 -0.1 -0.0 -0.0 -0.2  0.0  0.2 -0.3 -1.0 -0.4  0.4  0.4 -0.5  0.7 -0.5  0.2  0.2 -0.2 -0.0  0.3  0.3  0.2 -0.2 -0.2 -0.0 -0.6  0.0  0.2 -0.0 -0.1 -0.4 -0.2  0.0  0.0  0.0  0.0  0.0  0.0  0.0  0.0  0.0  0.0  0.0  0.0 
0.0030    6.5  0.1100     7.25196              0.02079    5.1   2.7   3.4   6.7   2.6 -1.2 -0.1 -0.1  0.1  0.3 -0.1  0.2  0.2 -0.2 -0.8  0.1  0.1  0.4 -0.5  0.6 -0.4  0.5 -0.1 -0.4  0.2  0.3  0.3  0.3 -0.3 -0.2 -0.3 -0.3 -0.1  0.3 -0.0 -0.2 -0.5 -0.2  0.0  0.0  0.0  0.0  0.0  0.0  0.0  0.0  0.0  0.0  0.0  0.0 
0.0030    6.5  0.1700     5.63341              0.01880    4.9   2.5   3.3   6.3   2.5 -1.2 -0.1 -0.0  0.1  0.3 -0.1  0.1  0.2 -0.2 -0.6 -0.2  0.2  0.4 -0.3  0.4 -0.5  0.3  0.1 -0.2 -0.0  0.4  0.2  0.3 -0.2 -0.1 -0.4 -0.6 -0.0  0.2 -0.0 -0.2 -0.4 -0.2  0.0  0.0  0.0  0.0  0.0  0.0  0.0  0.0  0.0  0.0  0.0  0.0 
0.0030    6.5  0.2700     4.19214              0.02256    4.5   2.5   3.4   6.2   2.6 -1.2 -0.1  0.0  0.1  0.5 -0.2  0.1  0.2 -0.3 -0.6 -0.2 -0.2  0.3 -0.3  0.4 -0.7  0.4 -0.0  0.1 -0.2  0.6 -0.3  0.0 -0.2  0.2 -0.3 -0.7 -0.2  0.4 -0.0 -0.1 -0.5 -0.2  0.0  0.0  0.0  0.0  0.0  0.0  0.0  0.0  0.0  0.0  0.0  0.0 
0.0030    6.5  0.4300     2.93535              0.02785    4.6   2.4   3.5   6.3   2.7 -1.2 -0.1 -0.0 -0.0  0.4 -0.4  0.1  0.1 -0.3 -0.5  0.3 -0.7  0.3  0.1  0.1 -0.7  0.2 -0.2  0.2 -0.5  0.4 -0.8 -0.3 -0.1  0.3 -0.3 -0.5 -0.2  0.4 -0.0 -0.1 -0.4 -0.1  0.0  0.0  0.0  0.0  0.0  0.0  0.0  0.0  0.0  0.0  0.0  0.0 
0.0030    8.5  0.0430     13.7541              0.02783    8.8   2.5   4.2  10.1   2.5 -1.2 -0.1 -0.1  0.0  0.2 -0.1  0.2  0.2 -0.2 -1.7 -0.2  0.7  0.5  0.3 -0.3 -0.9 -1.1 -0.6  0.2 -0.2 -0.1 -0.2  0.3 -0.8 -0.0 -1.2  0.7 -0.1 -0.0  0.0  0.0 -0.5 -0.2  0.0  0.0  0.0  0.0  0.0  0.0  0.0  0.0  0.0  0.0  0.0  0.0 
0.0030    8.5  0.0670     10.8796              0.02460    5.6   2.3   3.4   6.9   2.6 -1.2 -0.1 -0.1  0.0  0.3 -0.1  0.2  0.2 -0.3 -1.2 -0.4  0.5  0.1 -0.2  0.2  0.2  0.1  0.1 -0.0 -0.1  0.4 -0.2  0.1 -0.3  0.2 -0.4 -0.2 -0.2  0.4 -0.1  0.0 -0.5 -0.2  0.0  0.0  0.0  0.0  0.0  0.0  0.0  0.0  0.0  0.0  0.0  0.0 
0.0030    8.5  0.1100     8.29293              0.02097    5.3   2.4   3.5   6.8   2.6 -1.2 -0.1 -0.0  0.0  0.3 -0.2  0.1  0.2 -0.5 -1.1 -0.2  0.4 -0.0 -0.4  0.8 -0.1  0.2 -0.1 -0.1 -0.2  0.4 -0.4 -0.1 -0.1 -0.0  0.2 -0.6 -0.2  0.4 -0.1 -0.0 -0.4 -0.1  0.0  0.0  0.0  0.0  0.0  0.0  0.0  0.0  0.0  0.0  0.0  0.0 
0.0030    8.5  0.1700     6.44205              0.02308    4.8   2.4   3.3   6.3   2.6 -1.2 -0.1 -0.1  0.0  0.2 -0.2  0.1  0.2 -0.1 -1.0 -0.0  0.2  0.3 -0.2  0.3 -0.3  0.3  0.0 -0.1 -0.1  0.5  0.1  0.2 -0.3 -0.2 -0.2 -0.4 -0.1  0.3 -0.0 -0.1 -0.5 -0.2  0.0  0.0  0.0  0.0  0.0  0.0  0.0  0.0  0.0  0.0  0.0  0.0 
0.0030    8.5  0.2700     4.7939               0.02265    4.6   2.4   3.3   6.1   2.6 -1.2 -0.1 -0.1 -0.0  0.1 -0.2  0.1  0.2 -0.4 -0.9 -0.0  0.3  0.2 -0.2  0.3 -0.4  0.2 -0.2 -0.1 -0.1  0.5 -0.1  0.2 -0.3 -0.3 -0.4 -0.4 -0.0  0.2 -0.0 -0.1 -0.4 -0.1  0.0  0.0  0.0  0.0  0.0  0.0  0.0  0.0  0.0  0.0  0.0  0.0 
0.0030    8.5  0.4300     3.3567               0.03263    4.3   2.4   3.3   5.9   2.6 -1.2 -0.1 -0.1 -0.1  0.1 -0.2  0.1  0.2 -0.2 -0.8  0.1 -0.2  0.2  0.2 -0.1 -0.3 -0.2 -0.3  0.1 -0.2  0.5 -0.3  0.2 -0.4 -0.5 -0.4 -0.1  0.1  0.0 -0.0  0.0 -0.4 -0.1  0.0  0.0  0.0  0.0  0.0  0.0  0.0  0.0  0.0  0.0  0.0  0.0 
0.0030    8.5  0.6700     2.04611              0.04341    6.0   2.4   3.7   7.4   2.6 -1.2 -0.1 -0.1 -0.2  0.1 -0.2  0.3  0.1  0.1 -0.1  0.9 -0.8 -0.4  0.7 -0.3 -0.9 -0.5 -0.2  0.3 -0.6  0.2 -0.6 -0.1 -0.3 -0.3 -0.1  0.2  0.1 -0.1  0.0 -0.2 -0.5 -0.1  0.0  0.0  0.0  0.0  0.0  0.0  0.0  0.0  0.0  0.0  0.0  0.0 
0.0030   12.0  0.0670     12.9269              0.02712    1.3   1.9   3.4   4.1   2.5 -1.2 -0.1 -0.1 -0.0  0.1  0.2  0.2  0.2 -0.1 -1.3 -0.3  0.9  0.6 -0.2  0.2 -0.1  0.1  0.0  0.1 -0.1  0.5 -0.1  0.0 -0.3  0.2  0.1 -0.1  0.1 -0.0  0.2 -0.1  0.3 -0.1 -0.3  0.0  0.0  0.0  0.0  0.0  0.0  0.0  0.0  0.0  0.0  0.0 
0.0030   12.0  0.1100     9.85347              0.02698    1.3   1.8   3.3   3.9   2.5 -1.2 -0.1 -0.1 -0.2  0.2 -0.2  0.2  0.1 -0.2 -0.9 -0.2  0.3  0.3  0.1  0.4 -0.2  0.1  0.1 -0.1  0.1  0.7 -0.1 -0.1 -0.4  0.4  0.1  0.1  0.2 -0.0  0.2 -0.1  0.2 -0.2 -0.2  0.0  0.0  0.0  0.0  0.0  0.0  0.0  0.0  0.0  0.0  0.0 
0.0030   12.0  0.1700     7.6543               0.02655    1.3   1.8   3.1   3.8   2.6 -1.2 -0.1 -0.1 -0.1  0.1 -0.1  0.2  0.2 -0.2 -0.8 -0.1 -0.1  0.1  0.2  0.2 -0.4 -0.0  0.2 -0.0 -0.1  0.5 -0.1  0.0 -0.0  0.2  0.1  0.0  0.2 -0.0  0.1 -0.1  0.2 -0.2 -0.2  0.0  0.0  0.0  0.0  0.0  0.0  0.0  0.0  0.0  0.0  0.0 
0.0030   12.0  0.2700     5.696                0.02751    1.4   1.8   3.2   4.0   2.6 -1.2 -0.1 -0.1 -0.0  0.1 -0.1  0.2  0.2 -0.2 -0.7 -0.0 -0.2  0.1  0.3  0.3 -0.2  0.2  0.0  0.1 -0.5  0.4 -0.1  0.4  0.6  0.2 -0.0  0.1  0.0 -0.1  0.1 -0.1  0.2 -0.1 -0.2  0.0  0.0  0.0  0.0  0.0  0.0  0.0  0.0  0.0  0.0  0.0 
0.0030   12.0  0.4300     3.98836              0.03388    1.5   1.8   3.2   4.0   2.6 -1.2 -0.1 -0.1  0.0  0.1 -0.4  0.2  0.1 -0.2 -0.7 -0.1 -0.2  0.0  0.2 -0.1 -0.6 -0.1  0.2 -0.2 -0.2  0.1 -0.4  0.5  0.6  0.1  0.0 -0.0  0.2  0.0 -0.1 -0.1  0.2 -0.1 -0.2  0.0  0.0  0.0  0.0  0.0  0.0  0.0  0.0  0.0  0.0  0.0 
0.0030   12.0  0.6700     2.43114              0.04193    1.7   2.0   3.3   4.2   2.5 -1.2 -0.1 -0.2 -0.1  0.1 -0.4  0.2  0.1  0.2  0.0  0.4 -0.3 -0.1  0.2 -0.3 -0.7 -0.2  0.2 -0.3 -0.1 -0.1 -0.5  0.6  0.8  0.1 -0.0  0.1  0.2  0.1  0.0 -0.0  0.2 -0.2 -0.2  0.0  0.0  0.0  0.0  0.0  0.0  0.0  0.0  0.0  0.0  0.0 
0.0030   15.0  0.0670     14.4527              0.03764   13.9   2.8   4.7  14.9   2.4 -1.2 -0.1 -0.1  0.0  0.3 -0.3 -0.4  0.2 -0.9 -1.5 -0.5  0.6  0.8 -0.4  0.2 -1.1 -2.0  0.8  0.3 -0.2 -0.4  0.6  0.8 -0.9  0.6 -0.6  0.9 -0.8  0.5 -0.0 -0.2 -0.1  0.5  0.0  0.0  0.0  0.0  0.0  0.0  0.0  0.0  0.0  0.0  0.0  0.0 
0.0030   15.0  0.1100     11.0165              0.02780    1.2   1.7   3.4   3.9   2.4 -1.2 -0.1 -0.0  0.1  0.1 -0.2  0.2  0.1 -0.4 -1.4 -0.4  0.6  0.4 -0.1  0.3 -0.1  0.1  0.1  0.0 -0.0  0.6  0.0 -0.1 -0.4  0.3  0.1  0.0  0.1 -0.0  0.2 -0.1  0.2 -0.1 -0.2  0.0  0.0  0.0  0.0  0.0  0.0  0.0  0.0  0.0  0.0  0.0 
0.0030   15.0  0.1700     8.55776              0.02732    1.3   1.6   3.2   3.8   2.6 -1.2 -0.1 -0.1 -0.1  0.2 -0.2  0.2  0.2 -0.3 -0.9 -0.2  0.1  0.2  0.2  0.3 -0.2 -0.0  0.1  0.1 -0.1  0.6 -0.0 -0.2 -0.3  0.3  0.1 -0.0  0.2 -0.0  0.1 -0.1  0.2 -0.1 -0.2  0.0  0.0  0.0  0.0  0.0  0.0  0.0  0.0  0.0  0.0  0.0 
0.0030   15.0  0.2700     6.36832              0.02903    1.3   1.6   3.1   3.7   2.5 -1.2 -0.1 -0.1 -0.1  0.2 -0.1  0.1  0.2 -0.3 -0.8 -0.2 -0.1  0.1  0.2  0.2 -0.3  0.1  0.1  0.2 -0.3  0.3  0.1 -0.2 -0.2  0.1  0.0 -0.1  0.1  0.0 -0.0 -0.0  0.2 -0.1 -0.2  0.0  0.0  0.0  0.0  0.0  0.0  0.0  0.0  0.0  0.0  0.0 
0.0030   15.0  0.4300     4.45912              0.03449    1.4   1.7   3.1   3.8   2.6 -1.2 -0.1 -0.1 -0.1  0.2 -0.2  0.1  0.2 -0.2 -0.6 -0.1 -0.1  0.0  0.2  0.0 -0.4  0.0  0.1  0.1 -0.4 -0.0 -0.0 -0.1 -0.2  0.0  0.1 -0.1  0.1  0.1 -0.1 -0.1  0.2 -0.1 -0.2  0.0  0.0  0.0  0.0  0.0  0.0  0.0  0.0  0.0  0.0  0.0 
0.0030   15.0  0.6700     2.7181               0.04031    1.6   1.9   3.2   4.1   2.6 -1.2 -0.1 -0.2 -0.2  0.3 -0.3  0.2  0.1  0.1  0.2  0.5 -0.3 -0.1  0.3 -0.2 -0.5 -0.1  0.1  0.2 -0.6 -0.3 -0.0 -0.2 -0.2 -0.1  0.0 -0.1  0.2  0.1 -0.0 -0.1  0.3 -0.1 -0.2  0.0  0.0  0.0  0.0  0.0  0.0  0.0  0.0  0.0  0.0  0.0 
0.0030   20.0  0.1100     12.7208              0.02754    1.4   1.8   3.3   4.1   2.5 -1.2 -0.1 -0.0  0.3  0.1  0.0  0.1  0.3 -0.3 -1.3 -0.4  0.8  0.5 -0.2  0.2 -0.1 -0.0  0.1 -0.0  0.1  0.5 -0.1  0.0 -0.2  0.3  0.1  0.0  0.1  0.0  0.1 -0.0  0.3 -0.1 -0.3  0.0  0.0  0.0  0.0  0.0  0.0  0.0  0.0  0.0  0.0  0.0 
0.0030   20.0  0.1700     9.88165              0.02996    1.2   1.6   3.2   3.8   2.5 -1.2 -0.1 -0.0  0.0  0.2 -0.3  0.2  0.1 -0.3 -1.0 -0.3  0.3  0.3  0.2  0.4 -0.3  0.0  0.2 -0.1  0.1  0.6 -0.1 -0.2 -0.4  0.3  0.1 -0.0  0.1 -0.1  0.2 -0.1  0.3 -0.1 -0.2  0.0  0.0  0.0  0.0  0.0  0.0  0.0  0.0  0.0  0.0  0.0 
0.0030   20.0  0.2700     7.35351              0.03194    1.2   1.5   3.0   3.6   2.5 -1.2 -0.1 -0.1 -0.1  0.2 -0.1  0.2  0.2 -0.2 -0.6 -0.1 -0.1  0.1  0.3  0.2 -0.3  0.0  0.1  0.1 -0.3  0.3  0.0 -0.2 -0.1  0.1  0.1 -0.0  0.1  0.0 -0.0 -0.0  0.3 -0.1 -0.2  0.0  0.0  0.0  0.0  0.0  0.0  0.0  0.0  0.0  0.0  0.0 
0.0030   20.0  0.4300     5.14894              0.03618    1.3   1.6   3.1   3.7   2.6 -1.2 -0.1 -0.1 -0.1  0.2 -0.2  0.2  0.2 -0.1 -0.4  0.0 -0.1  0.0  0.3  0.0 -0.4  0.0  0.2  0.2 -0.4 -0.0 -0.1 -0.1 -0.2  0.0  0.1 -0.1  0.1  0.1 -0.1 -0.0  0.3 -0.1 -0.1  0.0  0.0  0.0  0.0  0.0  0.0  0.0  0.0  0.0  0.0  0.0 
0.0030   20.0  0.6700     3.13859              0.03927    1.6   1.8   3.3   4.1   2.5 -1.2 -0.1 -0.1 -0.2  0.2 -0.2  0.2  0.1  0.3  0.2  0.5 -0.2 -0.0  0.3 -0.2 -0.4 -0.1  0.2  0.2 -0.6 -0.3 -0.0 -0.1 -0.2 -0.1  0.0 -0.1  0.2  0.2  0.0 -0.1  0.3 -0.1 -0.2  1.1  0.0  0.0  0.0  0.0  0.0  0.0  0.0  0.0  0.0  0.0 
0.0030   25.0  0.1100     14.2223              0.03645   20.0   2.7   5.4  20.9   2.6 -1.2 -0.1 -0.0  0.0  0.2 -0.0 -0.1  0.2 -0.7 -1.1 -0.6  1.4 -1.1 -0.0  1.0 -1.1 -2.5  1.3  1.1 -1.1  0.9  0.0  0.6 -0.3  0.2  0.1 -1.1 -0.2  0.1 -0.0  0.2 -0.1  0.6  0.0  0.0  0.0  0.0  0.0  0.0  0.0  0.0  0.0  0.0  0.0  0.0 
0.0030   25.0  0.1700     11.048               0.03156    1.3   1.6   3.0   3.7   2.5 -1.2 -0.1 -0.1  0.1  0.1 -0.1  0.1  0.2 -0.2 -0.8 -0.0  0.4  0.3 -0.0  0.2 -0.2 -0.0  0.1  0.0  0.0  0.4 -0.1 -0.1 -0.2  0.3  0.1  0.1  0.2 -0.0  0.1 -0.1  0.3 -0.1 -0.2  0.0  0.0  0.0  0.0  0.0  0.0  0.0  0.0  0.0  0.0  0.0 
0.0030   25.0  0.2700     8.22147              0.03205    1.2   1.5   3.0   3.6   2.6 -1.2 -0.1 -0.0  0.1  0.1 -0.3  0.2  0.1 -0.1 -0.6 -0.0 -0.1  0.1  0.2  0.2 -0.3 -0.0  0.1  0.1 -0.1  0.4  0.0 -0.2 -0.2  0.2  0.1  0.0  0.2 -0.0  0.0 -0.1  0.3 -0.1 -0.2  0.0  0.0  0.0  0.0  0.0  0.0  0.0  0.0  0.0  0.0  0.0 
0.0030   25.0  0.4300     5.75669              0.03706    1.2   1.6   3.0   3.6   2.6 -1.2 -0.1 -0.0 -0.1  0.2 -0.2  0.2  0.1 -0.1 -0.4  0.1 -0.1  0.1  0.3  0.0 -0.3 -0.0  0.2  0.3 -0.4 -0.0 -0.0 -0.1 -0.1  0.0  0.1 -0.1  0.1  0.0 -0.1 -0.1  0.3 -0.1 -0.2  0.0  0.0  0.0  0.0  0.0  0.0  0.0  0.0  0.0  0.0  0.0 
0.0030   25.0  0.6700     3.50905              0.03909    1.6   1.8   3.4   4.2   2.6 -1.2 -0.1 -0.1 -0.2  0.2 -0.2  0.2  0.1  0.4  0.3  0.6 -0.2 -0.1  0.3 -0.2 -0.4 -0.1  0.2  0.2 -0.6 -0.4 -0.1 -0.1 -0.1 -0.1  0.0 -0.1  0.2  0.2  0.0 -0.1  0.3 -0.1 -0.1  1.1  0.0  0.0  0.0  0.0  0.0  0.0  0.0  0.0  0.0  0.0 
0.0030   35.0  0.1700     13.0722              0.03132    1.6   1.8   3.3   4.1   2.5 -1.2 -0.1 -0.0  0.1  0.1  0.0 -0.0  0.2 -0.4 -1.4 -0.4  0.7  0.4 -0.2 -0.1 -0.2  0.0  0.1  0.2 -0.2  0.1 -0.1  0.1 -0.1 -0.0  0.0 -0.1 -0.0 -0.0 -0.1 -0.1  0.3 -0.1 -0.3  0.0  0.0  0.0  0.0  0.0  0.0  0.0  0.0  0.0  0.0  0.0 
0.0030   35.0  0.2700     9.72778              0.03330    1.2   1.6   2.9   3.6   2.5 -1.2 -0.1 -0.1  0.0  0.1 -0.2  0.2  0.2  0.1 -0.3  0.2  0.1  0.2  0.2  0.1 -0.3 -0.1  0.2  0.1 -0.1  0.3 -0.1 -0.2 -0.2  0.2  0.1  0.0  0.1 -0.0  0.0 -0.1  0.3 -0.1 -0.2  0.0  0.0  0.0  0.0  0.0  0.0  0.0  0.0  0.0  0.0  0.0 
0.0030   35.0  0.4300     6.81141              0.03691    1.3   1.7   3.1   3.7   2.6 -1.2 -0.1 -0.0 -0.0  0.2 -0.2  0.2  0.0  0.1 -0.0  0.4 -0.1  0.1  0.4  0.0 -0.3  0.0  0.2  0.3 -0.4 -0.1 -0.1 -0.1 -0.1 -0.0  0.0 -0.1  0.1  0.0 -0.1 -0.1  0.3 -0.1 -0.2  0.0  0.0  0.0  0.0  0.0  0.0  0.0  0.0  0.0  0.0  0.0 
0.0030   35.0  0.6700     4.15196              0.03975    1.6   1.9   3.7   4.4   2.6 -1.2 -0.1 -0.0 -0.1  0.2 -0.2  0.2  0.2  0.3  0.2  0.5 -0.2 -0.1  0.3 -0.3 -0.4 -0.1  0.2  0.2 -0.6 -0.5 -0.1 -0.0 -0.1 -0.2  0.0 -0.2  0.2  0.2 -0.0 -0.1  0.4 -0.1 -0.2  1.8  0.0  0.0  0.0  0.0  0.0  0.0  0.0  0.0  0.0  0.0 
0.0030   45.0  0.2700     11.0303              0.03306    1.5   1.9   3.0   3.9   2.5 -1.2 -0.1 -0.0  0.1  0.1 -0.2  0.1  0.2 -0.2 -0.8 -0.1  0.4  0.3 -0.0  0.0 -0.2 -0.0 -0.0  0.3 -0.3  0.2  0.1 -0.1  0.0  0.1  0.0 -0.0  0.2  0.0 -0.0 -0.1  0.3 -0.1 -0.2  0.0  0.0  0.0  0.0  0.0  0.0  0.0  0.0  0.0  0.0  0.0 
0.0030   45.0  0.4300     7.72342              0.03872    1.5   1.7   3.0   3.8   2.6 -1.2 -0.1  0.0 -0.1  0.2 -0.3  0.2 -0.0  0.1 -0.1  0.3 -0.1  0.1  0.4 -0.1 -0.4 -0.0  0.2  0.2 -0.3 -0.2 -0.1 -0.0 -0.1 -0.0  0.0 -0.1  0.1  0.1 -0.1 -0.1  0.3 -0.1 -0.2  0.0  0.0  0.0  0.0  0.0  0.0  0.0  0.0  0.0  0.0  0.0 
0.0030   45.0  0.6700     4.70788              0.03844    1.9   2.1   3.7   4.6   2.6 -1.2 -0.1 -0.0 -0.2  0.2 -0.3  0.2  0.0  0.3  0.1  0.4 -0.1 -0.1  0.2 -0.4 -0.4 -0.2  0.2  0.3 -0.6 -0.6 -0.1 -0.1 -0.0 -0.3  0.0 -0.2  0.2  0.2 -0.1 -0.1  0.3 -0.1 -0.2  1.8  0.0  0.0  0.0  0.0  0.0  0.0  0.0  0.0  0.0  0.0 
0.0030   60.0  0.4300     8.91823              0.03776    1.8   2.0   3.1   4.1   2.5 -1.2 -0.1 -0.1 -0.0  0.2 -0.4  0.3  0.1  0.1 -0.3  0.2 -0.0  0.1  0.2 -0.0 -0.3 -0.0  0.1  0.5 -0.5 -0.1  0.1 -0.2 -0.2 -0.0  0.0 -0.1  0.2  0.1 -0.1 -0.1  0.3 -0.1 -0.3  0.0  0.0  0.0  0.0  0.0  0.0  0.0  0.0  0.0  0.0  0.0 
0.0030   60.0  0.6700     5.4362               0.03728    2.1   2.3   3.7   4.8   2.6 -1.2 -0.1  0.0 -0.1  0.1 -0.2  0.2  0.1  0.3 -0.0  0.4 -0.1 -0.1  0.2 -0.4 -0.5 -0.2  0.2  0.2 -0.5 -0.6 -0.2  0.1  0.0 -0.2  0.0 -0.2  0.3  0.3 -0.1 -0.1  0.4 -0.1 -0.2  1.8  0.0  0.0  0.0  0.0  0.0  0.0  0.0  0.0  0.0  0.0 
0.0030   90.0  0.6700     6.65795              0.03532    4.3   3.1   4.4   6.9   2.6 -1.2 -0.0 -0.1 -0.3  0.3 -0.6  0.4  0.0  0.1 -0.2  0.1 -0.1 -0.1  0.2 -0.3 -0.4 -0.0  0.1  0.6 -1.0 -0.7  0.4 -0.7 -0.9 -0.4  0.0 -0.2  0.3  0.4 -0.2 -0.1  0.4 -0.2 -0.3  2.3  0.0  0.0  0.0  0.0  0.0  0.0  0.0  0.0  0.0  0.0 
0.0100    3.5  0.0050     26.3913              0.02678   14.6   6.4   6.1  17.1   2.4 -1.2 -0.1  0.0  0.2  0.4 -0.4 -0.5 -0.0 -0.7 -2.4 -0.8  1.0  1.7 -0.1  3.2 -1.5 -1.6 -0.8 -0.7  0.0 -0.8 -0.0  0.1 -0.4 -0.2 -0.7  0.5 -0.5  0.7 -0.1  0.2 -0.1  0.5  0.0  0.0  0.0  0.0  0.0  0.0  0.0  0.0  0.0  0.0  0.0  0.0 
0.0100    3.5  0.0080     20.8327              0.02007    4.8   4.7   4.3   7.9   2.2 -1.2 -0.1 -0.0 -0.0  0.1 -0.0  0.5  0.1 -0.5 -2.0 -0.9  1.0  0.4  0.2  0.2 -0.4  0.6  1.0 -0.3  0.2 -0.3  0.9  0.2 -0.0 -0.1  1.6  0.5 -0.5  0.5 -0.1  0.0 -0.3  0.0  0.0  0.0  0.0  0.0  0.0  0.0  0.0  0.0  0.0  0.0  0.0  0.0 
0.0100    3.5  0.0130     16.3013              0.01938    5.0   4.6   3.9   7.9   2.2 -1.2 -0.1 -0.0 -0.1  0.1 -0.2  0.2  0.1 -0.5 -1.8 -0.4  0.5  0.6  0.2  0.7 -0.0  0.9  0.1 -0.9  0.5 -0.9  0.4 -0.3 -0.1  0.7 -0.9 -0.2 -0.0  0.3 -0.1  0.1 -0.3 -0.0  0.0  0.0  0.0  0.0  0.0  0.0  0.0  0.0  0.0  0.0  0.0  0.0 
0.0100    3.5  0.0200     13.0958              0.01632    4.8   4.0   3.5   7.2   2.4 -1.2 -0.1 -0.1 -0.1  0.2 -0.2 -0.1  0.0  0.2 -1.6 -0.2  0.4  0.2  0.1 -0.6 -0.3  0.4  0.3 -0.3  0.2 -0.6  0.5  0.1 -0.4  0.2 -0.3  0.4  0.1 -0.1 -0.0  0.1 -0.3  0.1  0.0  0.0  0.0  0.0  0.0  0.0  0.0  0.0  0.0  0.0  0.0  0.0 
0.0100    3.5  0.0320     10.2896              0.01795    8.2   4.4   4.0  10.1   2.5 -1.2 -0.1 -0.0 -0.1  0.3 -0.5 -0.3 -0.0 -0.1 -1.2  0.0 -0.2  1.9 -0.0 -0.0 -0.9  0.6 -0.5 -0.4  0.1 -0.5 -0.2 -0.2 -0.3 -0.1 -0.2  0.3  0.0  0.1 -0.0 -0.2 -0.1  0.5  0.0  0.0  0.0  0.0  0.0  0.0  0.0  0.0  0.0  0.0  0.0  0.0 
0.0100    3.5  0.0500     8.15475              0.01554    8.6   4.6   3.7  10.5   2.6 -1.2 -0.1  0.1 -0.1  0.2 -0.3 -0.1  0.0 -0.8 -0.7  0.1  0.6  0.6  0.7  0.1 -0.7  0.4  0.9  0.1 -0.5  0.1 -0.5 -0.6  0.1 -0.3 -0.0 -0.2  0.5 -0.1 -0.0 -0.2 -0.2  0.5  0.0  0.0  0.0  0.0  0.0  0.0  0.0  0.0  0.0  0.0  0.0  0.0 
0.0100    3.5  0.0800     6.34429              0.01729    9.7   5.2   4.4  11.8   2.5 -1.2 -0.1  0.0 -0.1  0.3 -0.8 -0.9 -0.1 -0.6 -1.4 -0.2 -0.2  1.8  0.4  0.3 -1.1  0.8 -0.2 -0.5  0.1 -0.7 -0.3 -0.5 -0.1 -0.3 -0.2  0.5  0.2  0.0 -0.0 -0.3 -0.1  0.5  0.0  0.0  0.0  0.0  0.0  0.0  0.0  0.0  0.0  0.0  0.0  0.0 
0.0100    5.0  0.0080     24.8998              0.02647    6.1   4.4   4.8   8.9   2.5 -1.2 -0.1  0.1  0.1  0.6 -0.0  0.6  0.2 -0.4 -2.0 -0.7  0.6  0.7  0.0  0.8 -1.0 -0.3  0.8 -0.4  0.2 -0.3  1.2  0.6 -0.3 -0.6  1.5  0.9 -0.6  0.5 -0.1  0.4 -0.3  0.0  0.0  0.0  0.0  0.0  0.0  0.0  0.0  0.0  0.0  0.0  0.0  0.0 
0.0100    5.0  0.0130     19.4837              0.02361    5.1   4.3   4.0   7.8   2.5 -1.2 -0.1 -0.0  0.0  0.4  0.0  0.6  0.2 -0.2 -1.5 -0.2  0.7 -0.3  0.1  0.5 -0.5  0.3  0.2 -0.4  0.2 -0.3  0.6  0.2 -0.2 -0.5  1.4  0.8 -0.4  0.4 -0.0  0.1 -0.3  0.0  0.0  0.0  0.0  0.0  0.0  0.0  0.0  0.0  0.0  0.0  0.0  0.0 
0.0100    5.0  0.0200     15.6525              0.02137    4.9   4.2   3.6   7.4   2.4 -1.2 -0.1 -0.1 -0.1  0.1 -0.3  0.2  0.0 -0.3 -1.6  0.2  0.2  0.7  0.5  0.0 -0.7  0.3  0.3 -0.1 -0.1  0.1  0.1 -0.1 -0.1  0.4 -0.8 -0.7  0.2  0.2 -0.0 -0.1 -0.4 -0.0  0.0  0.0  0.0  0.0  0.0  0.0  0.0  0.0  0.0  0.0  0.0  0.0 
0.0100    5.0  0.0320     12.2984              0.02000    4.9   4.0   3.5   7.2   2.4 -1.2 -0.1 -0.0 -0.1  0.3 -0.2  0.0  0.1 -0.6 -1.0  0.2  0.3  0.8  0.4  0.4 -0.2  0.5 -0.1 -0.4  0.1 -0.4 -0.1 -0.3 -0.1  0.6 -0.9 -0.5  0.0  0.3 -0.0 -0.2 -0.4 -0.1  0.0  0.0  0.0  0.0  0.0  0.0  0.0  0.0  0.0  0.0  0.0  0.0 
0.0100    5.0  0.0500     9.74679              0.01922    4.9   4.0   3.5   7.2   2.4 -1.2 -0.1  0.1  0.1  0.6 -0.1  0.1  0.1 -0.3 -1.2  0.1  1.1  0.3  0.6 -0.0 -0.4  0.2 -0.2  0.1 -0.2  0.3 -0.3 -0.2 -0.1  0.3 -0.3 -0.7  0.1  0.2 -0.0 -0.1 -0.5 -0.1  0.0  0.0  0.0  0.0  0.0  0.0  0.0  0.0  0.0  0.0  0.0  0.0 
0.0100    5.0  0.0800     7.58288              0.01657    5.3   4.4   3.9   8.0   2.3 -1.2 -0.1  0.1  0.1  0.9 -0.1 -0.2  0.1 -0.5 -1.1 -0.3  1.2  0.9  0.5 -0.1 -0.1  0.2 -0.4 -0.0 -0.1  0.1 -0.5 -0.3 -0.2  0.9 -1.1 -0.9  0.0  0.3 -0.0 -0.1 -0.6 -0.3  0.0  0.0  0.0  0.0  0.0  0.0  0.0  0.0  0.0  0.0  0.0  0.0 
0.0100    6.5  0.0130     22.2149              0.02516    6.1   3.7   3.8   8.1   2.5 -1.2 -0.1  0.0  0.0  0.4 -0.2  0.2  0.1 -0.5 -1.6 -0.5  0.3  0.7  0.5  0.4 -0.0 -0.0  0.4 -0.2 -0.0 -0.1  0.0 -0.1 -0.2  0.6 -1.0 -0.3 -0.2  0.5 -0.0 -0.2 -0.4 -0.1  0.0  0.0  0.0  0.0  0.0  0.0  0.0  0.0  0.0  0.0  0.0  0.0 
0.0100    6.5  0.0200     17.8466              0.02356    5.5   4.2   3.3   7.7   2.5 -1.2 -0.1 -0.1 -0.1  0.1 -0.2  0.2  0.1 -0.4 -1.2 -0.2  0.3  0.5  0.3  0.3 -0.2  0.1  0.2 -0.2 -0.1 -0.1 -0.1 -0.2 -0.1  0.3 -0.4 -0.4  0.0  0.2 -0.0 -0.2 -0.4 -0.0  0.0  0.0  0.0  0.0  0.0  0.0  0.0  0.0  0.0  0.0  0.0  0.0 
0.0100    6.5  0.0320     14.0223              0.02270    5.2   3.8   3.3   7.2   2.5 -1.2 -0.1 -0.0 -0.1  0.1 -0.3 -0.0  0.1 -0.6 -1.1 -0.0  0.2  0.6  0.4  0.4 -0.3  0.2  0.2 -0.1 -0.2  0.3 -0.1 -0.1 -0.0 -0.1 -0.0 -0.6  0.0  0.3 -0.0  0.0 -0.4 -0.1  0.0  0.0  0.0  0.0  0.0  0.0  0.0  0.0  0.0  0.0  0.0  0.0 
0.0100    6.5  0.0500     11.1131              0.02205    5.3   4.3   3.5   7.6   2.5 -1.2 -0.1  0.1  0.1  0.5 -0.2  0.2  0.2 -0.7 -1.4 -0.7  0.2  0.2  0.4  0.2 -0.3  0.4  0.2 -0.2  0.0  0.1  0.3  0.1 -0.1  0.2 -0.2 -0.5 -0.1  0.3 -0.0 -0.1 -0.5 -0.2  0.0  0.0  0.0  0.0  0.0  0.0  0.0  0.0  0.0  0.0  0.0  0.0 
0.0100    6.5  0.0800     8.64581              0.01938    4.9   3.4   3.6   6.9   2.5 -1.2 -0.1  0.0 -0.1  0.3 -0.2 -0.0  0.0 -0.4 -1.1  0.2  0.5 -0.3  0.8  0.5 -0.7  0.6  0.2 -0.4  0.1 -0.2  0.5 -0.0  0.0  0.3 -0.4 -0.7  0.1  0.2 -0.0 -0.2 -0.4 -0.1  0.0  0.0  0.0  0.0  0.0  0.0  0.0  0.0  0.0  0.0  0.0  0.0 
0.0100    6.5  0.1300     6.59545              0.01757    5.5   3.7   3.4   7.5   2.5 -1.2 -0.1 -0.0 -0.0  0.2 -0.1  0.2  0.2 -0.5 -0.6 -0.8  0.0  0.2  0.8 -0.0 -0.1  0.3  0.3 -0.4  0.2  0.2  0.7  0.3 -0.2 -0.3 -0.2 -0.1  0.0  0.2 -0.0 -0.2 -0.4 -0.2  0.0  0.0  0.0  0.0  0.0  0.0  0.0  0.0  0.0  0.0  0.0  0.0 
0.0100    8.5  0.0130     25.4037              0.03654    8.4   3.7   4.0  10.0   2.5 -1.2 -0.1 -0.0  0.1  0.3  0.0  0.5  0.2 -0.7 -1.6 -0.4  0.6  0.5  0.0  0.7  0.3 -0.3  0.4 -0.6  0.4 -0.0  0.9  0.6 -0.5 -0.2 -1.1  0.0 -0.1  0.3 -0.0  0.0 -0.4 -0.2  0.0  0.0  0.0  0.0  0.0  0.0  0.0  0.0  0.0  0.0  0.0  0.0 
0.0100    8.5  0.0200     20.4083              0.03174    5.3   3.4   3.8   7.3   2.6 -1.2 -0.1  0.0  0.1  0.4 -0.1  0.0  0.2 -0.7 -1.4 -0.6  1.0  0.2  0.1  0.5 -0.8  0.3  0.0 -0.2  0.1  0.3  0.4  0.3 -0.3  0.1 -0.4 -0.5 -0.1  0.3 -0.0 -0.1 -0.4 -0.1  0.0  0.0  0.0  0.0  0.0  0.0  0.0  0.0  0.0  0.0  0.0  0.0 
0.0100    8.5  0.0320     16.0351              0.03085    4.8   3.2   3.4   6.7   2.5 -1.2 -0.1 -0.0 -0.1  0.2 -0.2 -0.0  0.1 -0.6 -1.1 -0.3  0.6  0.4  0.7  0.0 -0.4  0.4  0.0 -0.3  0.1 -0.1  0.2 -0.0 -0.2  0.2 -0.3 -0.1 -0.1  0.3 -0.0 -0.2 -0.4 -0.1  0.0  0.0  0.0  0.0  0.0  0.0  0.0  0.0  0.0  0.0  0.0  0.0 
0.0100    8.5  0.0500     12.7083              0.02431    5.0   3.5   3.2   6.9   2.6 -1.2 -0.1 -0.1 -0.1  0.1 -0.2  0.2  0.1 -0.3 -0.9  0.2  0.3  0.5 -0.0  0.1 -0.6  0.2  0.0  0.0 -0.2  0.0 -0.2 -0.1 -0.2  0.2 -0.2 -0.4  0.0  0.1 -0.0 -0.2 -0.4 -0.1  0.0  0.0  0.0  0.0  0.0  0.0  0.0  0.0  0.0  0.0  0.0  0.0 
0.0100    8.5  0.0800     9.88686              0.02142    4.8   3.3   3.5   6.8   2.6 -1.2 -0.1  0.0 -0.0  0.3 -0.2  0.1  0.1 -0.5 -1.2  0.0  0.3  0.5  0.5  0.1 -0.3  0.6  0.0 -0.3  0.0  0.2  0.1 -0.0 -0.1  0.2 -0.5 -0.4 -0.2  0.5 -0.1 -0.1 -0.4 -0.1  0.0  0.0  0.0  0.0  0.0  0.0  0.0  0.0  0.0  0.0  0.0  0.0 
0.0100    8.5  0.1300     7.54219              0.01919    5.0   3.5   3.6   7.1   2.5 -1.2 -0.1  0.0 -0.1  0.2 -0.2  0.1  0.1 -0.7 -1.0 -0.1  0.5  0.2  1.2  0.2 -0.5  0.2 -0.0 -0.1 -0.2  0.3 -0.2 -0.2  0.1  0.0  0.1 -0.4 -0.0  0.4 -0.0 -0.1 -0.5 -0.1  0.0  0.0  0.0  0.0  0.0  0.0  0.0  0.0  0.0  0.0  0.0  0.0 
0.0100    8.5  0.2000     5.83095              0.01961    6.2   3.6   3.3   7.9   2.5 -1.2 -0.1 -0.1 -0.1 -0.1 -0.3  0.0  0.1 -0.4 -1.1 -0.1 -0.1  0.5  0.1  0.2  0.3  0.2  0.3 -0.1 -0.2  0.5 -0.2  0.0 -0.1 -0.1 -0.2 -0.5 -0.1  0.3 -0.0 -0.1 -0.4 -0.1  0.0  0.0  0.0  0.0  0.0  0.0  0.0  0.0  0.0  0.0  0.0  0.0 
0.0100   12.0  0.0200     24.2487              0.03014    2.1   3.2   3.3   5.1   2.4 -1.2 -0.1 -0.1 -0.1  0.1  0.0  0.2  0.1 -0.3 -1.4 -0.4  0.7  0.4  0.2  0.2 -0.2  0.1  0.3 -0.1  0.0  0.4 -0.2 -0.1 -0.4  0.2  0.1 -0.1 -0.2 -0.1  0.1 -0.0  0.2 -0.2 -0.1  0.0  0.0  0.0  0.0  0.0  0.0  0.0  0.0  0.0  0.0  0.0 
0.0100   12.0  0.0320     19.0526              0.02966    2.2   3.0   3.2   5.0   2.5 -1.2 -0.1 -0.2 -0.2  0.1 -0.1  0.0  0.1 -0.4 -1.2 -0.3  0.5  0.4  0.4  0.2 -0.1  0.1  0.2  0.1 -0.1  0.1 -0.2 -0.1 -0.2  0.2  0.2 -0.1 -0.1 -0.0  0.1 -0.0  0.1 -0.2 -0.1  0.0  0.0  0.0  0.0  0.0  0.0  0.0  0.0  0.0  0.0  0.0 
0.0100   12.0  0.0500     15.0997              0.02732    2.2   2.9   3.2   4.9   2.5 -1.2 -0.1 -0.1 -0.2  0.2 -0.2  0.2  0.1 -0.3 -1.0 -0.2  0.4  0.3  0.5  0.2 -0.4  0.2  0.3 -0.1 -0.1  0.2 -0.2  0.1 -0.2  0.1  0.1 -0.2 -0.2 -0.1  0.0 -0.1  0.1 -0.2 -0.1  0.0  0.0  0.0  0.0  0.0  0.0  0.0  0.0  0.0  0.0  0.0 
0.0100   12.0  0.0800     11.7473              0.02545    2.2   2.9   3.2   4.8   2.5 -1.2 -0.1 -0.1 -0.2  0.1 -0.2  0.1  0.1 -0.3 -1.0 -0.1  0.3  0.3  0.5  0.2 -0.3  0.2  0.1 -0.3  0.0  0.2 -0.3  0.2  0.1  0.1  0.0 -0.1 -0.2 -0.1  0.1 -0.0  0.1 -0.2 -0.1  0.0  0.0  0.0  0.0  0.0  0.0  0.0  0.0  0.0  0.0  0.0 
0.0100   12.0  0.1300     8.96146              0.02165    2.2   3.0   3.2   4.9   2.5 -1.2 -0.1 -0.1 -0.1  0.1 -0.1  0.2  0.0 -0.2 -1.0 -0.1  0.2  0.2  0.4  0.0 -0.4  0.1  0.3 -0.1 -0.1  0.1 -0.4  0.4  0.5  0.2  0.1 -0.1 -0.2 -0.1  0.1 -0.1  0.1 -0.1 -0.1  0.0  0.0  0.0  0.0  0.0  0.0  0.0  0.0  0.0  0.0  0.0 
0.0100   12.0  0.2000     6.9282               0.02283    2.6   3.3   3.1   5.2   2.5 -1.2 -0.1 -0.1 -0.2  0.2 -0.1  0.2  0.2 -0.3 -0.9 -0.2 -0.0 -0.0  0.2  0.2 -0.5  0.1  0.0 -0.0 -0.1  0.2 -0.1  0.4  0.6  0.2  0.1 -0.1 -0.1 -0.0  0.0 -0.1  0.0 -0.2 -0.1  0.0  0.0  0.0  0.0  0.0  0.0  0.0  0.0  0.0  0.0  0.0 
0.0100   12.0  0.3200     5.04975              0.02420    3.0   4.1   3.1   6.0   2.5 -1.2 -0.0 -0.1 -0.1  0.1 -0.0  0.2  0.2  0.1 -0.2  0.3 -0.3 -0.0  0.4  0.2 -0.4 -0.0  0.0 -0.2 -0.3  0.1 -0.3  0.4  0.9  0.1 -0.0  0.0 -0.0 -0.1  0.1 -0.0  0.3 -0.1 -0.2  0.0  0.0  0.0  0.0  0.0  0.0  0.0  0.0  0.0  0.0  0.0 
0.0100   15.0  0.0200     27.1109              0.03639   13.8   4.3   5.8  15.6   2.5 -1.2 -0.1  0.0  0.0  0.1 -0.5 -1.3 -0.1  0.8 -2.0 -1.3  0.8  0.5  0.2  1.2 -0.6 -2.8  1.7  0.8 -0.9  0.7  0.3  0.6 -0.4  0.2 -0.4 -0.3 -0.5  0.5 -0.1  0.2 -0.1  0.5  0.0  0.0  0.0  0.0  0.0  0.0  0.0  0.0  0.0  0.0  0.0  0.0 
0.0100   15.0  0.0320     21.3014              0.03226    1.9   2.6   3.4   4.7   2.5 -1.2 -0.1 -0.0 -0.1  0.2 -0.2  0.1  0.1 -0.4 -1.4 -0.5  0.6  0.3  0.2  0.3 -0.3  0.2  0.3 -0.1  0.1  0.4 -0.1 -0.1 -0.4  0.2  0.0  0.0 -0.2  0.0  0.1 -0.1  0.2 -0.1 -0.1  0.0  0.0  0.0  0.0  0.0  0.0  0.0  0.0  0.0  0.0  0.0 
0.0100   15.0  0.0500     16.8819              0.03067    1.9   2.5   3.3   4.6   2.6 -1.2 -0.1 -0.1 -0.1  0.2 -0.2  0.1  0.1 -0.5 -1.1 -0.4  0.5  0.2  0.3  0.4 -0.2  0.2  0.3 -0.0 -0.1  0.3 -0.2 -0.1 -0.3  0.0  0.1 -0.2 -0.1 -0.1  0.0 -0.0  0.2 -0.1 -0.1  0.0  0.0  0.0  0.0  0.0  0.0  0.0  0.0  0.0  0.0  0.0 
0.0100   15.0  0.0800     13.1339              0.02573    1.8   2.6   3.3   4.6   2.6 -1.2 -0.1  0.0 -0.1  0.2 -0.2  0.1  0.0 -0.4 -1.0 -0.3  0.4  0.2  0.5  0.2 -0.3  0.4  0.4 -0.2 -0.1  0.1 -0.2 -0.1 -0.4 -0.0 -0.0 -0.1 -0.2 -0.1  0.1 -0.0  0.2 -0.1 -0.1  0.0  0.0  0.0  0.0  0.0  0.0  0.0  0.0  0.0  0.0  0.0 
0.0100   15.0  0.1300     10.0192              0.02381    1.8   2.4   3.3   4.5   2.5 -1.2 -0.1  0.0 -0.1  0.2 -0.2  0.1  0.2 -0.3 -1.0 -0.2  0.4  0.3  0.6  0.2 -0.3  0.5  0.4 -0.0 -0.4  0.1 -0.2 -0.1 -0.3 -0.1 -0.1 -0.2 -0.2 -0.1  0.0 -0.0  0.2 -0.1 -0.1  0.0  0.0  0.0  0.0  0.0  0.0  0.0  0.0  0.0  0.0  0.0 
0.0100   15.0  0.2000     7.74597              0.02299    1.9   2.4   3.3   4.5   2.6 -1.2 -0.1 -0.0 -0.1  0.2 -0.2  0.2  0.1 -0.3 -1.0 -0.3  0.1  0.2  0.6  0.1 -0.3  0.5  0.3  0.0 -0.4  0.1 -0.2 -0.0 -0.2 -0.1 -0.1 -0.0 -0.3 -0.1  0.1 -0.0  0.2 -0.0 -0.1  0.0  0.0  0.0  0.0  0.0  0.0  0.0  0.0  0.0  0.0  0.0 
0.0100   15.0  0.3200     5.64579              0.02456    2.0   2.6   3.1   4.5   2.6 -1.2 -0.1 -0.1 -0.1  0.2 -0.2  0.2  0.2 -0.3 -0.8 -0.2 -0.1  0.1  0.5  0.1 -0.0  0.1  0.3  0.2 -0.4  0.1  0.0 -0.1 -0.1 -0.0  0.0 -0.1 -0.1 -0.1  0.0 -0.1  0.1 -0.0 -0.1  0.0  0.0  0.0  0.0  0.0  0.0  0.0  0.0  0.0  0.0  0.0 
0.0100   20.0  0.0320     24.5967              0.03445    2.6   3.0   3.3   5.2   2.4 -1.2 -0.1 -0.0 -0.2  0.2  0.0  0.2 -0.0 -0.4 -1.2 -0.4  0.7  0.5  0.3  0.3 -0.4 -0.0  0.5  0.1 -0.1  0.4 -0.2  0.0 -0.4  0.2  0.1 -0.2 -0.2 -0.1  0.1 -0.1  0.2 -0.1 -0.1  0.0  0.0  0.0  0.0  0.0  0.0  0.0  0.0  0.0  0.0  0.0 
0.0100   20.0  0.0500     19.4936              0.03209    2.0   2.7   3.4   4.8   2.6 -1.2 -0.1  0.1 -0.1  0.1 -0.1  0.1  0.1 -0.4 -1.2 -0.4  0.5  0.4  0.5  0.3 -0.4  0.3  0.5 -0.1 -0.1  0.2 -0.3 -0.0 -0.4 -0.0  0.0 -0.2 -0.2 -0.1  0.0 -0.0  0.2 -0.1 -0.1  0.0  0.0  0.0  0.0  0.0  0.0  0.0  0.0  0.0  0.0  0.0 
0.0100   20.0  0.0800     15.1658              0.02971    2.1   2.8   3.3   4.8   2.6 -1.2 -0.1 -0.1 -0.1  0.1 -0.2  0.0  0.1 -0.2 -1.1 -0.3  0.4  0.2  0.6  0.3 -0.3  0.2  0.2 -0.0 -0.1  0.2 -0.1 -0.1 -0.2  0.1  0.1 -0.2 -0.1 -0.1  0.0 -0.1  0.1 -0.0 -0.1  0.0  0.0  0.0  0.0  0.0  0.0  0.0  0.0  0.0  0.0  0.0 
0.0100   20.0  0.1300     11.5692              0.02658    1.8   2.6   3.2   4.5   2.5 -1.2 -0.1  0.0 -0.1  0.2 -0.2  0.2  0.1 -0.3 -1.0 -0.2  0.3  0.3  0.5  0.2 -0.3  0.4  0.4 -0.1 -0.3  0.1 -0.2  0.0 -0.2 -0.1 -0.0 -0.1 -0.2 -0.1  0.1 -0.0  0.2 -0.1 -0.1  0.0  0.0  0.0  0.0  0.0  0.0  0.0  0.0  0.0  0.0  0.0 
0.0100   20.0  0.2000     8.94427              0.02542    1.9   2.8   3.2   4.7   2.6 -1.2 -0.1  0.0 -0.0  0.2 -0.2  0.2  0.2 -0.3 -0.9 -0.2  0.3  0.2  0.5  0.2 -0.3  0.3  0.2  0.1 -0.4  0.0 -0.2 -0.1 -0.2 -0.1  0.0 -0.2 -0.2 -0.1  0.0 -0.0  0.2 -0.1 -0.1  0.0  0.0  0.0  0.0  0.0  0.0  0.0  0.0  0.0  0.0  0.0 
0.0100   20.0  0.3200     6.5192               0.02663    1.7   2.5   3.2   4.4   2.6 -1.2 -0.1 -0.1 -0.1  0.2 -0.2  0.2  0.1 -0.2 -0.8 -0.2  0.0  0.1  0.6 -0.0 -0.4  0.3  0.3 -0.0 -0.3 -0.2 -0.1 -0.1 -0.2 -0.1 -0.1  0.0 -0.2 -0.1  0.0 -0.1  0.2 -0.1 -0.1  0.0  0.0  0.0  0.0  0.0  0.0  0.0  0.0  0.0  0.0  0.0 
0.0100   20.0  0.5000     4.47214              0.02870    2.2   2.9   3.2   4.8   2.6 -1.2 -0.1  0.0 -0.2  0.2 -0.2  0.2  0.1  0.2 -0.2  0.2 -0.0 -0.1  0.6 -0.2 -0.6  0.1  0.4  0.1 -0.4 -0.2 -0.2 -0.2 -0.1 -0.2 -0.0 -0.2 -0.1 -0.0  0.1 -0.0  0.2 -0.1 -0.1  0.0  0.0  0.0  0.0  0.0  0.0  0.0  0.0  0.0  0.0  0.0 
0.0100   25.0  0.0320     27.5                 0.03306   19.3   4.4   6.4  20.8   2.4 -1.2 -0.1  0.1  0.1  0.2 -0.1 -0.2  0.1 -0.9 -1.6 -0.9  2.0 -0.5  0.6  3.0  0.2 -3.3  1.7 -0.0 -0.8 -0.6 -0.2 -0.0 -0.1 -0.0 -0.5  0.4 -0.2  0.3 -0.0 -0.1 -0.1  0.5  0.0  0.0  0.0  0.0  0.0  0.0  0.0  0.0  0.0  0.0  0.0  0.0 
0.0100   25.0  0.0500     21.7945              0.03307    1.9   2.6   3.5   4.8   2.5 -1.2 -0.1  0.0 -0.1  0.2 -0.3  0.1  0.2 -0.5 -1.5 -0.5  0.6  0.4  0.3  0.2 -0.3  0.3  0.4 -0.2 -0.0  0.3 -0.3  0.0 -0.5  0.1 -0.0 -0.1 -0.2 -0.1  0.1 -0.1  0.2 -0.1 -0.1  0.0  0.0  0.0  0.0  0.0  0.0  0.0  0.0  0.0  0.0  0.0 
0.0100   25.0  0.0800     16.9558              0.03202    1.8   2.6   3.4   4.7   2.5 -1.2 -0.1  0.0 -0.0  0.2 -0.3  0.1 -0.0 -0.6 -1.5 -0.6  0.4  0.2  0.3  0.2 -0.2  0.3  0.4  0.1 -0.2  0.2 -0.2 -0.0 -0.3  0.0  0.0 -0.1 -0.1 -0.1  0.0 -0.1  0.2 -0.1 -0.1  0.0  0.0  0.0  0.0  0.0  0.0  0.0  0.0  0.0  0.0  0.0 
0.0100   25.0  0.1300     12.9347              0.02889    1.9   2.6   3.4   4.6   2.5 -1.2 -0.1  0.0 -0.0  0.2 -0.2  0.1  0.1 -0.6 -1.4 -0.4  0.4  0.3  0.3  0.2 -0.2  0.2  0.2 -0.0 -0.2  0.1 -0.1 -0.1 -0.2  0.0  0.1 -0.1 -0.1 -0.1  0.0 -0.1  0.2 -0.1 -0.0  0.0  0.0  0.0  0.0  0.0  0.0  0.0  0.0  0.0  0.0  0.0 
0.0100   25.0  0.2000     10                   0.02686    1.6   2.5   3.3   4.5   2.6 -1.2 -0.1  0.0  0.0  0.1 -0.2  0.2  0.1 -0.4 -1.2 -0.3  0.3  0.2  0.3  0.1 -0.4  0.5  0.3  0.1 -0.3  0.0 -0.1  0.0 -0.2 -0.1 -0.1 -0.0 -0.3 -0.1  0.0 -0.1  0.2 -0.1 -0.1  0.0  0.0  0.0  0.0  0.0  0.0  0.0  0.0  0.0  0.0  0.0 
0.0100   25.0  0.3200     7.28869              0.02769    1.8   2.6   3.4   4.6   2.6 -1.2 -0.1  0.0 -0.1  0.2 -0.2  0.2  0.1 -0.5 -1.2 -0.4  0.1  0.2  0.5  0.1 -0.4  0.3  0.3  0.0 -0.3 -0.1 -0.2 -0.1 -0.2 -0.1 -0.0 -0.1 -0.1 -0.1 -0.0 -0.1  0.2 -0.1 -0.1  0.0  0.0  0.0  0.0  0.0  0.0  0.0  0.0  0.0  0.0  0.0 
0.0100   25.0  0.5000     5                    0.03028    1.9   2.8   3.3   4.7   2.5 -1.2 -0.1 -0.1 -0.2  0.2 -0.3  0.2  0.0 -0.3 -1.0 -0.4  0.0  0.0  0.4 -0.4 -0.5 -0.1  0.3  0.2 -0.3 -0.3 -0.3 -0.3 -0.2 -0.1  0.0 -0.1  0.0 -0.0  0.0 -0.1  0.2 -0.1 -0.1  0.0  0.0  0.0  0.0  0.0  0.0  0.0  0.0  0.0  0.0  0.0 
0.0100   25.0  0.8000     2.5                  0.02928    4.5   5.3   3.8   7.9   2.6 -1.2 -0.1 -0.3 -0.6  0.4 -0.5  0.3  0.3 -0.3 -1.0 -0.3  0.0  0.1  0.2  0.1 -0.3  0.0  0.1  0.3 -0.6  0.1  0.2 -0.3 -0.2  0.0  0.0 -0.0  0.2  0.0 -0.2 -0.1  0.4 -0.2 -0.3  1.7  0.0  0.0  0.0  0.0  0.0  0.0  0.0  0.0  0.0  0.0 
0.0100   35.0  0.0500     25.7876              0.03551    2.4   3.2   3.5   5.3   2.5 -1.2 -0.2 -0.1  0.3  0.1  0.0  0.0 -0.3 -0.4 -1.2 -0.3  0.7  0.4  0.3  0.3 -0.4  0.2  0.5 -0.2  0.1  0.4 -0.4  0.1 -0.5  0.2 -0.0 -0.1 -0.3 -0.2  0.2 -0.1  0.3 -0.1 -0.2  0.0  0.0  0.0  0.0  0.0  0.0  0.0  0.0  0.0  0.0  0.0 
0.0100   35.0  0.0800     20.0624              0.03243    2.1   3.2   3.3   5.0   2.5 -1.2 -0.1 -0.0 -0.1  0.2 -0.2  0.1  0.2 -0.5 -1.3 -0.4  0.4  0.3  0.2  0.3 -0.1 -0.1  0.3  0.2 -0.1  0.3 -0.1 -0.1 -0.1  0.1  0.1 -0.1  0.1 -0.2  0.0 -0.1  0.3 -0.0 -0.1  0.0  0.0  0.0  0.0  0.0  0.0  0.0  0.0  0.0  0.0  0.0 
0.0100   35.0  0.1300     15.3046              0.03161    1.6   2.7   3.3   4.6   2.6 -1.2 -0.1  0.1  0.0  0.1 -0.2  0.1  0.0 -0.2 -1.0 -0.2  0.4  0.2  0.4  0.2 -0.3  0.3  0.4 -0.1 -0.2  0.2 -0.3 -0.0 -0.3  0.0 -0.0 -0.1 -0.2 -0.2  0.1 -0.1  0.3 -0.1 -0.1  0.0  0.0  0.0  0.0  0.0  0.0  0.0  0.0  0.0  0.0  0.0 
0.0100   35.0  0.2000     11.8322              0.02963    1.7   2.8   3.1   4.5   2.5 -1.2 -0.1  0.0 -0.1  0.2 -0.2  0.1  0.1 -0.2 -0.9 -0.2  0.3  0.2  0.3  0.2 -0.3  0.2  0.2  0.1 -0.3 -0.0 -0.2 -0.1 -0.2 -0.1 -0.0 -0.1 -0.1 -0.1  0.0 -0.1  0.3 -0.1 -0.1  0.0  0.0  0.0  0.0  0.0  0.0  0.0  0.0  0.0  0.0  0.0 
0.0100   35.0  0.3200     8.62409              0.02729    1.8   2.7   3.7   4.9   2.7 -1.2 -0.1  0.1 -0.0  0.1 -0.3  0.3 -0.1 -0.2 -1.0 -0.3  0.4  0.1  0.7 -0.2 -0.7  0.5  0.9 -0.5 -0.6 -0.3 -0.5 -0.1 -0.5 -0.4 -0.1 -0.2 -0.4 -0.2  0.1 -0.1  0.3 -0.1 -0.1  0.0  0.0  0.0  0.0  0.0  0.0  0.0  0.0  0.0  0.0  0.0 
0.0100   35.0  0.5000     5.91608              0.03171    1.9   3.0   3.1   4.7   2.6 -1.2 -0.1 -0.1 -0.1  0.2 -0.1  0.3  0.1  0.2 -0.4  0.1 -0.1 -0.0  0.3 -0.2 -0.4 -0.1  0.3  0.2 -0.2 -0.3 -0.2 -0.2 -0.0 -0.2 -0.0 -0.2  0.0  0.1  0.0 -0.1  0.3 -0.0 -0.1  0.0  0.0  0.0  0.0  0.0  0.0  0.0  0.0  0.0  0.0  0.0 
0.0100   35.0  0.8000     2.95804              0.02840    2.5   3.5   3.5   5.5   2.5 -1.2 -0.1 -0.2 -0.6  0.3 -0.3  0.3 -0.1  0.7  0.4  0.6 -0.2 -0.2  0.5 -0.6 -0.8 -0.2  0.5  0.2  0.0 -0.7 -0.3 -0.4 -0.3 -0.4 -0.0 -0.2  0.0  0.2  0.0 -0.1  0.3 -0.1 -0.2  0.0  0.0  0.0  0.0  0.0  0.0  0.0  0.0  0.0  0.0  0.0 
0.0100   45.0  0.0800     22.7486              0.03368    2.4   3.4   3.3   5.3   2.5 -1.2 -0.1  0.1 -0.0  0.1 -0.2 -0.0  0.1 -0.4 -1.2 -0.4  0.5  0.4  0.1  0.2 -0.2  0.1  0.2  0.1 -0.1  0.3 -0.1  0.0 -0.2  0.1  0.0 -0.0 -0.1 -0.1  0.0 -0.1  0.3 -0.1 -0.1  0.0  0.0  0.0  0.0  0.0  0.0  0.0  0.0  0.0  0.0  0.0 
0.0100   45.0  0.1300     17.3538              0.03212    1.9   2.8   3.2   4.6   2.5 -1.2 -0.1  0.1  0.1  0.1 -0.2  0.1 -0.0 -0.2 -0.9 -0.2  0.4  0.2  0.5  0.3 -0.3  0.2  0.4 -0.0 -0.1  0.2 -0.4 -0.0 -0.3 -0.1  0.0 -0.2 -0.2 -0.2  0.1 -0.0  0.3 -0.1 -0.1  0.0  0.0  0.0  0.0  0.0  0.0  0.0  0.0  0.0  0.0  0.0 
0.0100   45.0  0.2000     13.4164              0.02994    1.8   2.9   3.2   4.7   2.6 -1.2 -0.1 -0.0  0.1  0.1 -0.2 -0.0  0.1 -0.2 -1.0 -0.2  0.2  0.3  0.3  0.1 -0.2  0.2  0.2  0.1 -0.3  0.1 -0.2 -0.1 -0.1 -0.1 -0.0 -0.1 -0.1 -0.1  0.0 -0.1  0.3 -0.1 -0.1  0.0  0.0  0.0  0.0  0.0  0.0  0.0  0.0  0.0  0.0  0.0 
0.0100   45.0  0.3200     9.7788               0.02910    1.8   2.8   3.5   4.8   2.7 -1.2 -0.1  0.1 -0.1  0.1 -0.3  0.2 -0.1 -0.2 -1.0 -0.2  0.2  0.2  0.6 -0.0 -0.5  0.4  0.6 -0.2 -0.5 -0.3 -0.5  0.1 -0.3 -0.3 -0.1 -0.3 -0.4 -0.2  0.0 -0.1  0.4 -0.1 -0.2  0.0  0.0  0.0  0.0  0.0  0.0  0.0  0.0  0.0  0.0  0.0 
0.0100   45.0  0.5000     6.7082               0.03255    2.0   3.1   3.0   4.8   2.5 -1.2 -0.1 -0.0 -0.2  0.2 -0.2  0.2  0.2 -0.0 -0.7 -0.1  0.1 -0.1  0.3 -0.2 -0.3 -0.1  0.3  0.2 -0.2 -0.4 -0.2 -0.2 -0.1 -0.3 -0.1 -0.2 -0.0  0.1  0.0 -0.1  0.3 -0.1 -0.1  0.0  0.0  0.0  0.0  0.0  0.0  0.0  0.0  0.0  0.0  0.0 
0.0100   45.0  0.8000     3.3541               0.02606    2.4   3.8   3.5   5.7   2.6 -1.2 -0.1 -0.2 -0.4  0.3 -0.2  0.5 -0.0  0.6  0.4  0.6 -0.3 -0.1  0.3 -0.6 -0.7 -0.4  0.4  0.2  0.1 -0.6 -0.3 -0.3 -0.1 -0.3  0.0 -0.2  0.2  0.3 -0.1 -0.1  0.3 -0.1 -0.2  0.0  0.0  0.0  0.0  0.0  0.0  0.0  0.0  0.0  0.0  0.0 
0.0100   60.0  0.1300     20.0384              0.03316    2.4   3.3   3.1   5.2   2.5 -1.2 -0.1  0.1 -0.1  0.2 -0.2  0.1  0.2 -0.3 -1.0 -0.2  0.3  0.3  0.3  0.2 -0.2  0.1  0.3  0.1 -0.2  0.2 -0.1 -0.2 -0.3  0.1  0.1 -0.1 -0.1 -0.2  0.1 -0.1  0.3 -0.1 -0.1  0.0  0.0  0.0  0.0  0.0  0.0  0.0  0.0  0.0  0.0  0.0 
0.0100   60.0  0.2000     15.4919              0.03013    1.8   2.8   3.3   4.7   2.6 -1.2 -0.1  0.1  0.1  0.1 -0.3  0.1  0.0 -0.3 -1.1 -0.3  0.3  0.3  0.5  0.1 -0.4  0.3  0.5 -0.0 -0.3  0.1 -0.4  0.1 -0.3 -0.1 -0.0 -0.2 -0.3 -0.2  0.1 -0.1  0.3 -0.1 -0.2  0.0  0.0  0.0  0.0  0.0  0.0  0.0  0.0  0.0  0.0  0.0 
0.0100   60.0  0.3200     11.2916              0.03138    1.8   2.8   3.1   4.6   2.6 -1.2 -0.1  0.0 -0.1  0.2 -0.3  0.2  0.0 -0.2 -0.8 -0.1  0.1  0.2  0.4  0.0 -0.3  0.2  0.3  0.2 -0.4 -0.1 -0.2 -0.0 -0.1 -0.1 -0.0 -0.2 -0.2 -0.2 -0.1 -0.1  0.3 -0.1 -0.2  0.0  0.0  0.0  0.0  0.0  0.0  0.0  0.0  0.0  0.0  0.0 
0.0100   60.0  0.5000     7.74597              0.03225    2.0   3.0   3.7   5.2   2.6 -1.2 -0.1  0.2 -0.2  0.1 -0.2  0.3 -0.2  0.3 -0.2  0.2  0.2  0.0  0.8 -0.4 -0.8  0.2  0.9 -0.4 -0.4 -0.7 -0.8  0.0 -0.5 -0.6 -0.1 -0.4 -0.5 -0.1  0.1 -0.1  0.4 -0.1 -0.2  0.0  0.0  0.0  0.0  0.0  0.0  0.0  0.0  0.0  0.0  0.0 
0.0100   60.0  0.8000     3.87298              0.02516    2.3   3.2   3.7   5.4   2.5 -1.2 -0.1 -0.0 -0.4  0.3 -0.5  0.6 -0.2  0.6  0.5  0.6  0.0 -0.1  0.5 -0.6 -0.8 -0.3  0.8 -0.1  0.1 -0.7 -0.6 -0.3 -0.4 -0.5 -0.0 -0.4 -0.2  0.1 -0.1 -0.1  0.4 -0.1 -0.3  0.0  0.0  0.0  0.0  0.0  0.0  0.0  0.0  0.0  0.0  0.0 
0.0100   90.0  0.2000     18.9737              0.03061    3.0   4.1   3.5   6.2   2.6 -1.2 -0.0 -0.2  0.1  0.2 -0.4 -0.1  0.2 -0.4 -1.0 -0.3  0.2  0.3  0.2  0.4  0.0  0.2 -0.1  0.7 -0.7  0.2  0.5 -0.6 -0.6  0.1  0.1 -0.0  0.2  0.0  0.1 -0.1  0.3 -0.1 -0.3  0.0  0.0  0.0  0.0  0.0  0.0  0.0  0.0  0.0  0.0  0.0 
0.0100   90.0  0.3200     13.8293              0.03095    2.5   3.5   3.1   5.2   2.5 -1.2 -0.1 -0.1 -0.0  0.2 -0.0  0.1  0.2 -0.1 -0.8 -0.1  0.0  0.2  0.2  0.0 -0.3  0.1  0.1  0.3 -0.3 -0.0  0.1 -0.2 -0.1  0.0 -0.0  0.0 -0.1 -0.0 -0.1 -0.1  0.3 -0.1 -0.2  0.0  0.0  0.0  0.0  0.0  0.0  0.0  0.0  0.0  0.0  0.0 
0.0100   90.0  0.5000     9.48683              0.03039    2.3   3.1   3.3   5.1   2.6 -1.2 -0.1 -0.1 -0.2  0.2 -0.3  0.4  0.0  0.3  0.1  0.4  0.0  0.1  0.6 -0.2 -0.5  0.1  0.4  0.4 -0.3 -0.6 -0.3 -0.0 -0.2 -0.3 -0.1 -0.2 -0.2 -0.0 -0.1 -0.1  0.4 -0.1 -0.2  0.0  0.0  0.0  0.0  0.0  0.0  0.0  0.0  0.0  0.0  0.0 
0.0100   90.0  0.8000     4.74342              0.02396    2.7   3.4   3.6   5.7   2.6 -1.2 -0.1  0.0 -0.3  0.2 -0.4  0.5 -0.1  0.7  0.3  0.5  0.0 -0.2  0.4 -0.7 -0.7 -0.3  0.6  0.0  0.0 -0.8 -0.5 -0.2 -0.3 -0.6 -0.1 -0.4 -0.2  0.2 -0.1 -0.1  0.4 -0.1 -0.3  0.0  0.0  0.0  0.0  0.0  0.0  0.0  0.0  0.0  0.0  0.0 
0.0100  200.0  0.3200     20.6155              0.03210    5.8   3.6   8.5  10.9   6.5  0.0  0.0  0.0  0.0  0.0  0.0  0.0  0.0  0.0  0.0  0.0  0.0  0.0  0.0  0.0  0.0  0.0  0.0  0.0  0.0  0.0  0.0  0.0  0.0  0.0  0.0  0.0  0.0  0.0  0.0  0.0  0.0  0.0  0.0  0.0 -0.9 -0.1 -0.7 -0.5  1.0 -0.9  5.1 -0.7  1.0 -0.4 
0.0100  200.0  0.5000     14.1421              0.03150    5.3   3.6   8.8  10.9   6.5  0.0  0.0  0.0  0.0  0.0  0.0  0.0  0.0  0.0  0.0  0.0  0.0  0.0  0.0  0.0  0.0  0.0  0.0  0.0  0.0  0.0  0.0  0.0  0.0  0.0  0.0  0.0  0.0  0.0  0.0  0.0  0.0  0.0  0.0  0.0 -1.3  0.9 -0.8 -1.6  0.9 -0.8  5.1 -0.6  0.6 -1.2 
0.0100  200.0  0.8000     7.07107              0.02110    7.9   3.6   8.0  11.8   6.5  0.0  0.0  0.0  0.0  0.0  0.0  0.0  0.0  0.0  0.0  0.0  0.0  0.0  0.0  0.0  0.0  0.0  0.0  0.0  0.0  0.0  0.0  0.0  0.0  0.0  0.0  0.0  0.0  0.0  0.0  0.0  0.0  0.0  0.0  0.0 -1.6  1.8 -0.3 -3.0  1.0 -1.0  1.0 -1.0  0.4 -1.2 
0.0100  400.0  0.8000     10                   0.01960   13.3   3.6   9.6  16.7   6.5  0.0  0.0  0.0  0.0  0.0  0.0  0.0  0.0  0.0  0.0  0.0  0.0  0.0  0.0  0.0  0.0  0.0  0.0  0.0  0.0  0.0  0.0  0.0  0.0  0.0  0.0  0.0  0.0  0.0  0.0  0.0  0.0  0.0  0.0  0.0 -1.5  0.6 -0.7 -3.0  0.4 -1.1  5.5 -1.0  0.3 -0.8 
0.0300    3.5  0.0017     45.3357              0.01919   25.9  13.8   8.7  30.6   2.6 -1.2 -0.1  0.1  0.1  0.1  0.3 -0.5  0.2  0.8 -2.0 -1.8  3.3 -5.3  1.1  2.5  0.6 -0.5  1.4 -0.5 -0.1  0.7  0.5  0.3 -0.2 -0.2 -1.7  1.5 -1.0  1.5 -0.1  0.5 -0.0  0.4  0.0  0.0  0.0  0.0  0.0  0.0  0.0  0.0  0.0  0.0  0.0  0.0 
0.0300    3.5  0.0027     35.9555              0.02575   13.0  12.4   8.6  19.9   2.7 -1.2 -0.2  0.3  0.1  0.6  0.0  0.7  0.2 -4.9 -1.2  0.1  3.3 -0.6  1.1  0.9 -3.7  1.8  1.7  0.3 -0.7  1.1 -0.3 -0.9  0.5 -0.8 -0.7  0.1  0.4  0.5 -0.1  0.3 -0.2  0.7  0.0  0.0  0.0  0.0  0.0  0.0  0.0  0.0  0.0  0.0  0.0  0.0 
0.0300    3.5  0.0043     28.4685              0.02418   11.2  12.9   7.8  18.7   2.7 -1.2 -0.1  0.3  0.1  0.5 -0.1  0.1  0.2 -2.9 -1.5 -0.1  2.1 -0.7  1.0  0.0 -2.2  3.8  0.3 -1.0  0.8  0.8  0.5 -0.4 -0.1 -0.7 -1.9  2.2 -0.6  1.6 -0.1  0.6 -0.0  0.5  0.0  0.0  0.0  0.0  0.0  0.0  0.0  0.0  0.0  0.0  0.0  0.0 
0.0300    3.5  0.0067     22.7791              0.02030   12.1  11.8   6.9  18.2   2.7 -1.2 -0.1  0.2 -0.0  0.1  0.4  1.6  0.3 -2.1 -1.2 -0.6  2.3 -2.1  1.8  0.4 -0.1  1.5  2.7  0.2 -0.8  1.5 -0.5 -0.9  0.7 -1.0 -0.7 -0.2  0.6  0.4 -0.1  0.4 -0.1  0.5  0.0  0.0  0.0  0.0  0.0  0.0  0.0  0.0  0.0  0.0  0.0  0.0 
0.0300    3.5  0.0110     17.7393              0.01811   12.9  12.0   6.8  18.9   2.7 -1.2 -0.1  0.3 -0.1  0.2 -0.9 -2.4 -0.5  1.1 -1.4 -0.7  1.7 -2.0  1.6  1.8 -2.0  1.9  0.6 -0.2 -0.6  1.0 -0.8 -1.0  0.7 -1.0 -0.3 -0.5  0.6  0.3 -0.1  0.4 -0.1  0.6  0.0  0.0  0.0  0.0  0.0  0.0  0.0  0.0  0.0  0.0  0.0  0.0 
0.0300    5.0  0.0027     42.975               0.03776   16.2  13.5  14.3  25.5   2.6 -1.2 -0.2  0.5 -0.1  0.3  0.1  1.6  0.0 -4.7 -1.1 -0.8  3.8 -1.2  3.4  6.7  1.4 -2.8  4.4  0.1 -3.0  1.1 -3.2 -2.9  2.6 -2.8  0.9 -3.6  3.0 -1.2 -0.1  0.4 -0.3  0.6  0.0  0.0  0.0  0.0  0.0  0.0  0.0  0.0  0.0  0.0  0.0  0.0 
0.0300    5.0  0.0043     34.0263              0.03206   13.1  12.1   6.3  18.9   2.6 -1.2 -0.1  0.1  0.0  0.3  0.2  0.8  0.3 -1.4 -1.0 -0.2  0.6 -0.6  1.0  0.5  1.6  2.2  0.1 -1.8  1.1  0.1  0.4 -0.1 -0.3 -0.6 -1.9  2.3 -0.9  1.7 -0.1  0.5  0.0  0.3  0.0  0.0  0.0  0.0  0.0  0.0  0.0  0.0  0.0  0.0  0.0  0.0 
0.0300    5.0  0.0067     27.2262              0.02984   11.1  11.7   7.1  17.7   2.6 -1.2 -0.2  0.3 -0.1  0.2 -0.2  1.2 -0.1 -2.6 -1.9 -0.6  1.3  1.7  2.0  0.3 -1.3  1.5  3.1  0.1 -0.8  1.1 -0.6 -1.3  0.8 -1.1 -0.6  0.1  0.8  0.3 -0.1  0.2 -0.2  0.6  0.0  0.0  0.0  0.0  0.0  0.0  0.0  0.0  0.0  0.0  0.0  0.0 
0.0300    5.0  0.0110     21.2025              0.02269   13.5  11.5   6.4  18.9   2.6 -1.2 -0.1  0.3 -0.0  0.5 -0.2 -0.1  0.2 -2.7 -0.7  0.2  1.5 -0.9  1.5  1.5  0.5  2.4  0.4 -1.6  0.6 -0.1 -0.4 -1.0  0.4 -1.1 -1.3  1.5  0.0  1.0 -0.1  0.3 -0.1  0.4  0.0  0.0  0.0  0.0  0.0  0.0  0.0  0.0  0.0  0.0  0.0  0.0 
0.0300    5.0  0.0170     17.0035              0.02157   11.4  12.2   7.3  18.2   2.7 -1.2 -0.1  0.3 -0.1  0.2  0.2  1.9  0.1 -2.8 -0.4  0.3  1.2  0.1  1.9 -0.4 -2.5  1.3  3.2  0.9 -1.3  1.4 -0.4 -1.1  0.8 -0.8 -0.3 -0.5  0.9 -0.0 -0.1  0.2 -0.2  0.7  0.0  0.0  0.0  0.0  0.0  0.0  0.0  0.0  0.0  0.0  0.0  0.0 
0.0300    6.5  0.0027     48.9991              0.04277   31.5  13.1   8.7  35.2   2.3 -1.2 -0.1  0.2 -0.1  0.1 -0.6 -0.8 -0.3 -1.0 -2.6 -1.6  1.8  1.2  1.3  3.6  0.7 -4.1  3.1  0.4 -1.8 -0.6 -1.2 -1.0  0.7 -0.6  0.4 -1.0  1.1 -0.8  0.0 -0.4 -0.2  0.6  0.0  0.0  0.0  0.0  0.0  0.0  0.0  0.0  0.0  0.0  0.0  0.0 
0.0300    6.5  0.0043     38.796               0.02261   14.3  11.7   7.9  20.1   2.5 -1.2 -0.2  0.2 -0.1  0.5 -0.1  1.1  0.1 -3.9 -1.0  0.5  1.3  2.5  1.0 -0.6 -3.8  0.5  2.5  0.3 -0.3 -0.6  0.5 -0.5 -0.1  0.2 -1.1  2.0 -0.2  0.5 -0.0 -0.4 -0.2  0.6  0.0  0.0  0.0  0.0  0.0  0.0  0.0  0.0  0.0  0.0  0.0  0.0 
0.0300    6.5  0.0067     31.0427              0.02536   12.3  12.1   7.0  18.6   2.7 -1.2 -0.2  0.3  0.0  0.3 -0.2  0.5 -0.1 -2.0 -1.9 -0.8  2.2 -0.7  2.0  2.2 -1.5  1.7  1.8 -0.4 -0.7  1.0 -0.8 -1.4  0.9 -1.4 -0.7 -0.2  0.8  0.5 -0.1  0.5 -0.1  0.6  0.0  0.0  0.0  0.0  0.0  0.0  0.0  0.0  0.0  0.0  0.0  0.0 
0.0300    6.5  0.0110     24.1746              0.02534   12.4  12.2   7.0  18.7   2.7 -1.2 -0.1  0.1  0.0  0.5  0.6  2.1  0.6 -4.3  0.4  1.0  1.8 -1.3  0.7 -0.3 -2.1  1.6  1.0  0.2 -0.3  0.7  0.0 -0.3  0.1 -0.3 -0.6  0.3  0.0  0.5 -0.1  0.2 -0.1  0.6  0.0  0.0  0.0  0.0  0.0  0.0  0.0  0.0  0.0  0.0  0.0  0.0 
0.0300    6.5  0.0170     19.3869              0.02571   11.9  12.2   5.5  17.9   2.7 -1.2 -0.1  0.2 -0.2  0.0 -0.3 -0.7 -0.2  1.1 -1.1 -0.8  0.9 -1.4  1.9  0.2  0.8  1.6  1.9 -0.5 -0.2  0.7 -0.3 -0.8  0.5 -0.7 -0.8  0.8  0.3  0.5 -0.1  0.2 -0.1  0.4  0.0  0.0  0.0  0.0  0.0  0.0  0.0  0.0  0.0  0.0  0.0  0.0 
0.0300    6.5  0.0270     15.3049              0.02512   10.6  12.4   6.6  17.6   2.7 -1.2 -0.2  0.3 -0.0  0.3  0.1  1.1  0.1 -2.3 -1.1 -0.2  2.0 -0.9  1.8  0.9 -1.5  2.5  1.7 -0.5 -0.3  0.7 -0.4 -1.2  0.7 -1.0 -0.9  0.7  0.5  0.6 -0.1  0.3 -0.1  0.6  0.0  0.0  0.0  0.0  0.0  0.0  0.0  0.0  0.0  0.0  0.0  0.0 
0.0300    6.5  0.0430     12.0276              0.02256   12.1  11.7   6.1  17.9   2.6 -1.2 -0.1  0.2 -0.1  0.3 -0.6 -0.6 -0.4 -0.3 -1.3  0.0  1.1  0.7  1.3 -0.1 -3.1  2.5  0.9 -0.4  0.0 -0.7 -0.1 -1.1  0.2 -0.3 -0.8  1.7  0.3  0.3 -0.0 -0.4 -0.2  0.6  0.0  0.0  0.0  0.0  0.0  0.0  0.0  0.0  0.0  0.0  0.0  0.0 
0.0300    8.5  0.0043     44.3649              0.03435   18.9  13.2   8.8  24.7   2.6 -1.2 -0.1  0.2  0.2  0.5  0.2  0.5  0.2 -2.7 -1.1 -0.2  3.0 -2.6  1.3  5.7 -1.1 -1.0 -0.2 -1.0 -0.6 -0.0 -1.0 -0.9  0.7 -1.3 -0.6 -0.6  0.3  0.6 -0.1  0.6 -0.1  0.5  0.0  0.0  0.0  0.0  0.0  0.0  0.0  0.0  0.0  0.0  0.0  0.0 
0.0300    8.5  0.0067     35.4987              0.02474   13.4  12.9   5.1  19.3   2.6 -1.2 -0.1  0.2 -0.1  0.2  0.1  0.7  0.1 -1.2 -0.8 -0.1  0.6  0.0  1.3 -0.7 -1.0  1.2  2.1  0.0 -0.1  1.0  0.5 -0.1 -0.1 -0.3 -1.2  1.2 -0.4  1.0 -0.1  0.3 -0.1  0.5  0.0  0.0  0.0  0.0  0.0  0.0  0.0  0.0  0.0  0.0  0.0  0.0 
0.0300    8.5  0.0110     27.6447              0.03042   10.6  12.1   5.7  17.1   2.7 -1.2 -0.1  0.1 -0.0  0.3  0.3  1.4  0.4 -2.7 -0.5  0.1  1.3 -1.3  1.2  0.9  0.9  1.2  1.1 -0.8 -0.0  0.7 -0.3 -0.6  0.3 -0.9 -0.9  0.4  0.1  0.8 -0.1  0.5 -0.1  0.4  0.0  0.0  0.0  0.0  0.0  0.0  0.0  0.0  0.0  0.0  0.0  0.0 
0.0300    8.5  0.0170     22.1698              0.02617   10.7  11.7   6.3  17.0   2.7 -1.2 -0.1  0.3 -0.0  0.4 -0.2  0.4 -0.1 -2.1 -0.8  0.2  1.6 -0.4  1.5  1.5 -3.0  1.9  0.8 -0.2 -0.6  0.5 -0.6 -1.2  0.7 -1.0 -0.5 -0.1  0.6  0.3 -0.1  0.2 -0.1  0.6  0.0  0.0  0.0  0.0  0.0  0.0  0.0  0.0  0.0  0.0  0.0  0.0 
0.0300    8.5  0.0270     17.5019              0.02631    9.7  11.9   6.4  16.6   2.7 -1.2 -0.1  0.3 -0.1  0.2 -0.0  0.6  0.0 -1.7 -1.1 -0.3  1.7 -0.9  2.0  1.0 -0.6  2.5  1.8 -0.8 -0.2  0.9 -0.4 -1.2  0.7 -1.2 -1.1  0.8  0.4  0.8 -0.1  0.4 -0.1  0.5  0.0  0.0  0.0  0.0  0.0  0.0  0.0  0.0  0.0  0.0  0.0  0.0 
0.0300    8.5  0.0430     13.7541              0.02782   10.5  13.4   6.1  18.1   2.6 -1.2 -0.1  0.1 -0.1  0.4  0.0  1.2  0.2 -2.8  0.0  0.9  1.1  0.9  0.8 -0.4 -3.0  0.7  1.5  0.7 -0.9  0.2 -0.4 -0.8  0.3 -0.3  0.1 -0.4  0.7 -0.3 -0.0 -0.2 -0.2  0.6  0.0  0.0  0.0  0.0  0.0  0.0  0.0  0.0  0.0  0.0  0.0  0.0 
0.0300   12.0  0.0067     42.1787              0.03331   17.2  13.6   5.8  22.7   2.6 -1.2 -0.1  0.2  0.0  0.1 -0.4 -0.4 -0.3  0.7 -2.1 -1.1  0.3  1.5  1.6  1.2 -1.2  0.2  1.9 -0.1 -0.4  1.5  0.3 -0.1  0.1 -0.7 -1.3  0.6 -0.4  1.3 -0.2  0.8 -0.1  0.6  0.0  0.0  0.0  0.0  0.0  0.0  0.0  0.0  0.0  0.0  0.0  0.0 
0.0300   12.0  0.0110     32.8468              0.03641   12.2  11.4   4.9  17.4   2.7 -1.2 -0.1  0.1 -0.0  0.2  0.0  0.8  0.1 -1.5 -1.1 -0.2  1.3 -0.4  0.9  0.4 -1.9  0.7  1.2  0.4 -0.7  0.9 -0.2 -0.4  0.2 -0.4 -0.3 -0.3  0.3  0.3 -0.1  0.2 -0.1  0.6  0.0  0.0  0.0  0.0  0.0  0.0  0.0  0.0  0.0  0.0  0.0  0.0 
0.0300   12.0  0.0170     26.3416              0.03224   11.3  11.7   6.7  17.6   2.7 -1.2 -0.1  0.3  0.0  0.4  0.2  1.4  0.2 -2.9 -1.0  0.0  2.0 -1.0  1.6  1.4 -1.8  2.3  1.0 -0.6 -0.2  0.7 -0.4 -1.0  0.6 -1.1 -1.0  0.5  0.3  0.8 -0.1  0.4 -0.1  0.6  0.0  0.0  0.0  0.0  0.0  0.0  0.0  0.0  0.0  0.0  0.0  0.0 
0.0300   12.0  0.0270     20.7953              0.03637   11.4  11.4   6.5  17.4   2.7 -1.2 -0.1  0.3 -0.1  0.3  0.0  1.1  0.0 -2.3 -1.0 -0.1  2.0 -0.6  1.6  1.2 -2.2  1.5  1.7  0.1 -0.9  0.8 -0.8 -1.3  0.8 -1.0 -0.3 -0.5  0.9  0.1 -0.1  0.2 -0.2  0.6  0.0  0.0  0.0  0.0  0.0  0.0  0.0  0.0  0.0  0.0  0.0  0.0 
0.0300   12.0  0.0430     16.3423              0.02906   12.3  12.5   5.5  18.4   2.7 -1.2 -0.1  0.2 -0.1  0.2  0.2  1.5  0.2 -1.8 -0.4  0.2  1.3 -1.0  1.5  0.3 -1.6  1.6  1.6  0.1 -0.5  0.9 -0.3 -0.8  0.5 -0.7 -0.6  0.1  0.4  0.4 -0.1  0.3 -0.1  0.6  0.0  0.0  0.0  0.0  0.0  0.0  0.0  0.0  0.0  0.0  0.0  0.0 
0.0300   12.0  0.0670     12.9269              0.02413   13.1  11.7   5.2  18.3   2.7 -1.2 -0.1  0.2 -0.1  0.3  0.0  0.9  0.1 -1.4 -0.5  0.1  1.1 -1.1  1.4  0.6 -1.7  1.5  1.2 -0.0 -0.5  0.7 -0.4 -0.8  0.5 -0.7 -0.4 -0.1  0.4  0.3 -0.1  0.2 -0.1  0.6  0.0  0.0  0.0  0.0  0.0  0.0  0.0  0.0  0.0  0.0  0.0  0.0 
0.0300   15.0  0.0067     47.1572              0.04792   15.7  11.4   6.4  20.4   2.5 -1.2 -0.1  0.2  0.2  0.4 -0.1 -0.3  0.2 -2.1 -1.7 -0.7  1.7 -1.2  0.7  2.6 -0.6  0.3 -0.1 -1.2  0.5  0.2  0.4  0.2 -0.3 -0.5 -1.8  1.7 -1.0  1.7 -0.2  0.7 -0.0  0.4  0.0  0.0  0.0  0.0  0.0  0.0  0.0  0.0  0.0  0.0  0.0  0.0 
0.0300   15.0  0.0110     36.7238              0.03531    6.7  11.9   6.6  15.2   2.6 -1.2 -0.2  0.3 -0.1  0.2  0.1  0.9 -0.0 -1.9 -1.4 -0.6  2.0 -0.5  2.2  1.5 -0.1  0.8  3.0 -0.3 -0.7  0.7 -0.6 -1.3  0.9 -1.1 -0.9  0.5  0.6  0.4 -0.1  0.2 -0.2  0.5  0.0  0.0  0.0  0.0  0.0  0.0  0.0  0.0  0.0  0.0  0.0  0.0 
0.0300   15.0  0.0170     29.4509              0.03527    5.5  11.3   6.4  14.1   2.7 -1.2 -0.2  0.3 -0.0  0.3 -0.1  0.9  0.0 -2.5 -1.3 -0.2  1.5  0.5  1.7  0.3 -1.8  2.2  1.9 -0.3 -0.2  0.6 -0.2 -1.0  0.5 -0.8 -1.0  1.0  0.3  0.7 -0.1  0.2 -0.1  0.6  0.0  0.0  0.0  0.0  0.0  0.0  0.0  0.0  0.0  0.0  0.0  0.0 
0.0300   15.0  0.0270     23.2499              0.03085    5.5  12.1   5.9  14.5   2.7 -1.2 -0.1  0.2 -0.1  0.3 -0.0  0.6 -0.0 -1.7 -1.1 -0.2  2.0 -0.7  1.6  0.7 -1.6  1.8  1.9 -0.1 -0.6  0.6 -0.5 -1.1  0.6 -0.8 -0.6  0.2  0.6  0.3 -0.1  0.1 -0.2  0.6  0.0  0.0  0.0  0.0  0.0  0.0  0.0  0.0  0.0  0.0  0.0  0.0 
0.0300   15.0  0.0430     18.2712              0.02592    6.9  11.5   7.1  15.2   2.7 -1.2 -0.2  0.4 -0.0  0.3 -0.0  0.6 -0.1 -2.2 -1.2 -0.1  2.1 -0.3  2.0  0.4 -1.8  3.1  2.0 -0.6 -0.1  0.8 -0.2 -1.2  0.6 -1.0 -1.3  1.3  0.3  0.9 -0.1  0.3 -0.1  0.6  0.0  0.0  0.0  0.0  0.0  0.0  0.0  0.0  0.0  0.0  0.0  0.0 
0.0300   15.0  0.0670     14.4527              0.02366    6.5  11.5   5.9  14.5   2.7 -1.2 -0.1  0.3 -0.1  0.2 -0.1  0.6 -0.1 -1.3 -1.1 -0.2  1.4 -0.4  2.0  1.0 -0.8  2.3  1.6 -0.8 -0.2  0.3 -0.5 -1.2  0.7 -1.0 -1.0  1.0  0.4  0.6 -0.1  0.2 -0.1  0.5  0.0  0.0  0.0  0.0  0.0  0.0  0.0  0.0  0.0  0.0  0.0  0.0 
0.0300   15.0  0.1100     11.0165              0.02278    6.3  12.2   6.4  15.2   2.7 -1.2 -0.1  0.3 -0.1  0.2 -0.1  0.6 -0.1 -1.6 -0.9 -0.2  1.8 -0.7  2.2  0.9 -1.3  2.3  2.2 -0.3 -0.5  1.0 -0.6 -1.3  0.9 -1.2 -0.9  0.4  0.6  0.6 -0.1  0.4 -0.1  0.6  0.0  0.0  0.0  0.0  0.0  0.0  0.0  0.0  0.0  0.0  0.0  0.0 
0.0300   20.0  0.0110     42.405               0.03178    9.8  12.2   7.2  17.2   2.6 -1.2 -0.2  0.3  0.0  0.2  0.1  0.8 -0.1 -2.3 -1.7 -0.7  2.6  0.1  1.9  1.5 -2.0  0.1  3.2  0.2 -0.9  0.8 -0.1 -0.8  0.5 -0.7 -1.2  0.9  0.2  0.8 -0.1  0.2 -0.1  0.6  0.0  0.0  0.0  0.0  0.0  0.0  0.0  0.0  0.0  0.0  0.0  0.0 
0.0300   20.0  0.0170     34.0069              0.03851    7.4  11.9   6.2  15.4   2.6 -1.2 -0.2  0.2 -0.1  0.1  0.1  1.3  0.1 -2.0 -1.3 -0.5  1.5  0.3  1.8  0.0 -0.3  1.2  3.1  0.1 -0.6  1.2 -0.2 -0.9  0.6 -0.9 -0.9  0.4  0.4  0.5 -0.1  0.3 -0.1  0.5  0.0  0.0  0.0  0.0  0.0  0.0  0.0  0.0  0.0  0.0  0.0  0.0 
0.0300   20.0  0.0270     26.8466              0.03118    6.0  11.5   5.5  14.1   2.7 -1.2 -0.1  0.2 -0.1  0.2 -0.1  0.6 -0.1 -0.9 -1.3 -0.4  1.5 -0.5  1.5  0.5 -1.5  1.7  1.8 -0.0 -0.5  1.0 -0.3 -0.9  0.5 -0.8 -0.7  0.2  0.4  0.5 -0.1  0.3 -0.1  0.6  0.0  0.0  0.0  0.0  0.0  0.0  0.0  0.0  0.0  0.0  0.0  0.0 
0.0300   20.0  0.0430     21.0978              0.02917    6.2  11.3   5.5  14.0   2.6 -1.2 -0.1  0.2 -0.1  0.2 -0.1  0.9 -0.1 -1.5 -1.1 -0.1  1.2  0.8  1.7  0.8 -1.3  1.3  1.9 -0.2 -0.6  0.2 -0.7 -1.3  0.7 -0.9 -0.4  0.2  0.8  0.1 -0.1 -0.1 -0.2  0.6  0.0  0.0  0.0  0.0  0.0  0.0  0.0  0.0  0.0  0.0  0.0  0.0 
0.0300   20.0  0.0670     16.6885              0.02773    6.1  11.4   5.5  14.1   2.7 -1.2 -0.1  0.2 -0.1  0.3  0.2  1.2  0.1 -2.0 -0.8  0.1  1.5 -0.5  1.6  0.9 -0.8  1.6  1.5 -0.4 -0.4  0.6 -0.6 -1.0  0.6 -0.9 -0.6  0.2  0.5  0.4 -0.1  0.2 -0.1  0.5  0.0  0.0  0.0  0.0  0.0  0.0  0.0  0.0  0.0  0.0  0.0  0.0 
0.0300   20.0  0.1100     12.7208              0.02288    7.1  11.4   5.8  14.7   2.7 -1.2 -0.1  0.2 -0.1  0.2  0.1  1.1  0.0 -1.5 -0.9 -0.1  1.3 -0.4  2.1  0.6 -0.2  1.8  2.3 -0.5 -0.4  0.4 -0.6 -1.3  0.7 -1.0 -0.8  0.7  0.6  0.4 -0.1  0.1 -0.1  0.5  0.0  0.0  0.0  0.0  0.0  0.0  0.0  0.0  0.0  0.0  0.0  0.0 
0.0300   25.0  0.0110     47.4102              0.03729   25.6  11.4   7.4  29.0   2.5 -1.2 -0.1  0.1  0.2  0.5  0.5  1.4  0.6 -4.2 -0.9  0.0  2.5 -0.6  0.2  0.8 -2.1 -1.3  1.9  0.4 -0.3  0.8  0.9  0.7 -0.6  0.2 -1.4  1.2 -1.1  1.3 -0.1  0.4 -0.1  0.6  0.0  0.0  0.0  0.0  0.0  0.0  0.0  0.0  0.0  0.0  0.0  0.0 
0.0300   25.0  0.0170     38.0209              0.03875    8.4  11.5   6.3  15.6   2.6 -1.2 -0.2  0.3 -0.1  0.2 -0.1  0.6 -0.1 -1.6 -1.7 -0.5  1.8  0.4  1.8  0.5 -2.0  1.5  2.5 -0.1 -0.4  0.5 -0.1 -0.9  0.4 -0.6 -1.1  1.2  0.2  0.7 -0.1  0.1 -0.1  0.6  0.0  0.0  0.0  0.0  0.0  0.0  0.0  0.0  0.0  0.0  0.0  0.0 
0.0300   25.0  0.0270     30.0154              0.03755    6.5  11.4   5.6  14.3   2.7 -1.2 -0.1  0.2 -0.1  0.2 -0.1  0.8 -0.0 -1.6 -1.2 -0.2  1.3  0.1  1.6  0.8 -1.7  1.5  1.8 -0.0 -0.6  0.9 -0.4 -1.0  0.6 -0.9 -0.6  0.0  0.5  0.4 -0.1  0.3 -0.1  0.6  0.0  0.0  0.0  0.0  0.0  0.0  0.0  0.0  0.0  0.0  0.0  0.0 
0.0300   25.0  0.0430     23.588               0.02978    6.6  11.3   4.7  14.0   2.7 -1.2 -0.1  0.1 -0.1  0.3  0.1  1.0  0.2 -2.0 -0.4  0.3  0.9 -0.3  1.1  0.2 -1.0  1.2  1.1 -0.1 -0.4  0.7 -0.2 -0.5  0.2 -0.6 -0.5  0.0  0.2  0.4 -0.1  0.3 -0.1  0.5  0.0  0.0  0.0  0.0  0.0  0.0  0.0  0.0  0.0  0.0  0.0  0.0 
0.0300   25.0  0.0670     18.6584              0.02655    6.9  11.9   6.6  15.3   2.7 -1.2 -0.2  0.3 -0.1  0.2  0.1  1.1 -0.1 -1.9 -1.1 -0.1  2.0 -0.3  2.1  1.3 -1.3  2.1  2.0 -0.5 -0.5  0.6 -0.7 -1.5  0.9 -1.2 -0.8  0.4  0.8  0.4 -0.1  0.2 -0.1  0.6  0.0  0.0  0.0  0.0  0.0  0.0  0.0  0.0  0.0  0.0  0.0  0.0 
0.0300   25.0  0.1100     14.2223              0.02491    6.4  11.4   6.4  14.5   2.7 -1.2 -0.1  0.3 -0.1  0.2  0.1  1.0 -0.0 -1.8 -0.9 -0.1  1.9 -0.9  2.1  1.0 -1.4  2.1  2.0 -0.4 -0.5  0.5 -0.6 -1.4  0.8 -1.0 -0.8  0.6  0.7  0.4 -0.1  0.1 -0.1  0.6  0.0  0.0  0.0  0.0  0.0  0.0  0.0  0.0  0.0  0.0  0.0  0.0 
0.0300   25.0  0.1700     11.048               0.02562    6.5  11.5   6.4  14.7   2.7 -1.2 -0.2  0.3 -0.1  0.2 -0.2  0.5 -0.2 -1.2 -1.4 -0.3  1.2  0.5  2.2  1.0 -1.4  2.6  1.8 -0.7 -0.2  0.6 -0.5 -1.4  0.8 -1.2 -1.1  0.9  0.5  0.7 -0.1  0.3 -0.1  0.6  0.0  0.0  0.0  0.0  0.0  0.0  0.0  0.0  0.0  0.0  0.0  0.0 
0.0300   35.0  0.0170     44.9869              0.05337   15.0  11.6   6.1  19.9   2.6 -1.2 -0.1  0.0  0.1  0.1 -0.1 -0.8 -0.0  1.5 -2.0 -1.2  1.8 -2.7  0.5  0.9 -1.2  0.7  0.4 -0.1  0.0  0.9  0.6  0.4 -0.4  0.0 -1.2  0.9 -0.8  1.2 -0.1  0.4 -0.1  0.5  0.0  0.0  0.0  0.0  0.0  0.0  0.0  0.0  0.0  0.0  0.0  0.0 
0.0300   35.0  0.0270     35.5147              0.04213    7.7  11.4   5.0  14.6   2.6 -1.2 -0.1  0.1 -0.0  0.2  0.1  1.3  0.2 -2.0 -1.0  0.0  0.7  1.1  1.1  0.1 -0.8  1.1  1.4 -0.4 -0.1  0.1 -0.0 -0.6  0.1 -0.5 -0.9  1.0  0.0  0.6 -0.1  0.1 -0.1  0.5  0.0  0.0  0.0  0.0  0.0  0.0  0.0  0.0  0.0  0.0  0.0  0.0 
0.0300   35.0  0.0430     27.9097              0.04063    7.0  12.1   4.6  14.7   2.6 -1.2 -0.1  0.1 -0.1  0.2  0.2  1.2  0.2 -1.6 -0.6  0.1  1.1 -0.6  1.1  0.8 -0.3  0.7  1.1 -0.2 -0.5  0.5 -0.5 -0.7  0.4 -0.7 -0.3 -0.2  0.4  0.2 -0.1  0.2 -0.1  0.5  0.0  0.0  0.0  0.0  0.0  0.0  0.0  0.0  0.0  0.0  0.0  0.0 
0.0300   35.0  0.0670     22.0769              0.03063    7.2  11.5   6.0  14.8   2.6 -1.2 -0.1  0.2 -0.1  0.2  0.1  1.5  0.0 -1.9 -1.0  0.0  1.2  0.8  1.7 -0.1 -1.6  1.7  2.4  0.1 -0.6  0.7 -0.3 -1.0  0.6 -0.8 -0.7  0.4  0.6  0.3 -0.1  0.1 -0.2  0.6  0.0  0.0  0.0  0.0  0.0  0.0  0.0  0.0  0.0  0.0  0.0  0.0 
0.0300   35.0  0.1100     16.828               0.02992    6.9  11.5   6.3  14.8   2.7 -1.2 -0.1  0.3 -0.1  0.2  0.1  1.2 -0.1 -1.2 -1.1 -0.2  1.7 -0.5  2.2  1.2 -1.1  2.2  2.0 -0.5 -0.5  0.7 -0.6 -1.4  0.9 -1.2 -0.9  0.5  0.7  0.5 -0.1  0.3 -0.1  0.6  0.0  0.0  0.0  0.0  0.0  0.0  0.0  0.0  0.0  0.0  0.0  0.0 
0.0300   35.0  0.1700     13.0722              0.02493    7.2  11.8   6.2  15.1   2.7 -1.2 -0.1  0.3 -0.1  0.3  0.1  1.3  0.0 -1.9 -0.9  0.1  1.4 -0.3  1.9  0.8 -1.7  2.4  1.6 -0.6 -0.2  0.3 -0.4 -1.2  0.6 -0.9 -1.0  0.9  0.4  0.6 -0.1  0.2 -0.1  0.6  0.0  0.0  0.0  0.0  0.0  0.0  0.0  0.0  0.0  0.0  0.0  0.0 
0.0300   35.0  0.2700     9.72778              0.02840    7.4  11.3   6.6  15.1   2.6 -1.2 -0.2  0.3 -0.2  0.2  0.0  1.3 -0.2 -1.6 -1.0 -0.0  1.4  0.6  2.3  0.4 -1.7  1.9  2.9 -0.1 -0.7  0.3 -0.6 -1.6  0.9 -1.0 -0.7  0.7  0.9  0.1 -0.1 -0.1 -0.2  0.6  0.0  0.0  0.0  0.0  0.0  0.0  0.0  0.0  0.0  0.0  0.0  0.0 
0.0300   45.0  0.0270     40.2699              0.05064   11.8  12.2   4.9  17.6   2.6 -1.2 -0.1  0.1  0.0  0.2  0.2  1.1  0.2 -1.7 -0.8 -0.1  1.5 -0.6  0.9  0.7 -1.2  0.1  1.5  0.3 -0.7  0.9 -0.2 -0.3  0.2 -0.4 -0.4 -0.3  0.2  0.4 -0.1  0.3 -0.1  0.6  0.0  0.0  0.0  0.0  0.0  0.0  0.0  0.0  0.0  0.0  0.0  0.0 
0.0300   45.0  0.0430     31.6467              0.04048    8.6  11.5   4.4  15.0   2.6 -1.2 -0.1  0.1 -0.1  0.2 -0.2  0.7 -0.0 -0.9 -1.1 -0.2  0.3  1.1  1.3  0.7 -0.3  0.6  1.4 -0.3 -0.4  0.4 -0.4 -0.7  0.3 -0.7 -0.5  0.1  0.4  0.3 -0.1  0.2 -0.1  0.5  0.0  0.0  0.0  0.0  0.0  0.0  0.0  0.0  0.0  0.0  0.0  0.0 
0.0300   45.0  0.0670     25.0328              0.03804   10.3  11.4   6.1  16.5   2.6 -1.2 -0.1  0.2 -0.1  0.2  0.3  1.4  0.1 -1.8 -0.8 -0.1  1.7 -1.1  2.0  1.0  0.4  1.6  2.1 -0.7 -0.3  0.3 -0.6 -1.3  0.7 -1.0 -0.8  0.7  0.6  0.4 -0.1  0.1 -0.1  0.5  0.0  0.0  0.0  0.0  0.0  0.0  0.0  0.0  0.0  0.0  0.0  0.0 
0.0300   45.0  0.1100     19.0812              0.02427    8.9  11.5   6.6  16.0   2.7 -1.2 -0.2  0.3 -0.1  0.2  0.1  1.1 -0.1 -1.4 -1.1 -0.1  2.0 -0.4  2.2  1.1 -1.6  2.2  2.2 -0.4 -0.6  0.5 -0.7 -1.5  0.9 -1.1 -0.8  0.6  0.8  0.4 -0.1  0.1 -0.2  0.6  0.0  0.0  0.0  0.0  0.0  0.0  0.0  0.0  0.0  0.0  0.0  0.0 
0.0300   45.0  0.1700     14.8225              0.02521    8.4  11.5   7.1  15.9   2.7 -1.2 -0.2  0.4 -0.1  0.2 -0.2  0.8 -0.4 -0.7 -1.6 -0.3  0.9  1.6  2.5  0.5 -2.1  2.8  2.5 -0.4 -0.4  0.8 -0.4 -1.5  0.9 -1.2 -1.1  1.0  0.6  0.7 -0.1  0.3 -0.1  0.6  0.0  0.0  0.0  0.0  0.0  0.0  0.0  0.0  0.0  0.0  0.0  0.0 
0.0300   45.0  0.2700     11.0303              0.02092    8.4  11.8   6.5  15.8   2.7 -1.2 -0.2  0.3 -0.1  0.1  0.1  1.4 -0.1 -1.5 -1.2 -0.2  1.4  0.5  2.2  0.1 -1.7  1.8  2.9  0.2 -0.8  0.9 -0.5 -1.4  0.8 -0.9 -0.6  0.3  0.8  0.2 -0.1  0.1 -0.2  0.6  0.0  0.0  0.0  0.0  0.0  0.0  0.0  0.0  0.0  0.0  0.0  0.0 
0.0300   60.0  0.0430     36.5424              0.03900   13.7  11.2   5.7  18.6   2.6 -1.2 -0.1  0.2 -0.1  0.3  0.0  1.1  0.0 -1.6 -1.4 -0.1  1.2  0.9  1.1 -0.5 -2.4  1.4  1.8  0.0 -0.2 -0.1  0.2 -0.6  0.0 -0.1 -0.9  1.5  0.0  0.5 -0.0 -0.2 -0.1  0.6  0.0  0.0  0.0  0.0  0.0  0.0  0.0  0.0  0.0  0.0  0.0  0.0 
0.0300   60.0  0.0670     28.9054              0.03913    9.4  11.4   5.2  15.6   2.6 -1.2 -0.1  0.2 -0.2  0.2 -0.1  0.9 -0.1 -1.1 -1.1 -0.2  1.1  0.5  1.5  0.3 -1.4  0.7  2.2  0.2 -0.8  0.0 -0.6 -1.1  0.6 -0.5 -0.2  0.2  0.8 -0.2 -0.0 -0.3 -0.2  0.6  0.0  0.0  0.0  0.0  0.0  0.0  0.0  0.0  0.0  0.0  0.0  0.0 
0.0300   60.0  0.1100     22.033               0.02613    9.3  11.3   5.5  15.6   2.6 -1.2 -0.1  0.2 -0.1  0.2 -0.1  0.9 -0.1 -1.2 -1.0 -0.0  0.9  0.8  1.9  0.8 -1.2  1.8  1.8 -0.5 -0.4  0.3 -0.5 -1.2  0.6 -1.0 -0.8  0.6  0.6  0.4 -0.1  0.1 -0.1  0.6  0.0  0.0  0.0  0.0  0.0  0.0  0.0  0.0  0.0  0.0  0.0  0.0 
0.0300   60.0  0.1700     17.1155              0.02548    8.7  11.4   8.2  16.5   2.7 -1.2 -0.2  0.4 -0.1  0.2  0.1  1.6 -0.3 -1.9 -1.3 -0.0  1.9  1.2  2.7  0.4 -2.7  2.8  3.3 -0.1 -0.8  0.9 -0.5 -1.8  1.1 -1.3 -1.0  0.8  0.9  0.5 -0.1  0.2 -0.2  0.7  0.0  0.0  0.0  0.0  0.0  0.0  0.0  0.0  0.0  0.0  0.0  0.0 
0.0300   60.0  0.2700     12.7366              0.02165   13.9  11.8   8.5  20.1   2.7 -1.2 -0.2  0.4 -0.2  0.2  0.1  1.3 -0.4 -1.2 -1.4 -0.2  2.8 -0.3  3.0  0.8 -2.3  2.9  3.5 -0.3 -0.7 -0.1 -0.7 -2.2  1.2 -1.1 -1.0  1.5  1.1  0.2 -0.1 -0.3 -0.2  0.6  0.0  0.0  0.0  0.0  0.0  0.0  0.0  0.0  0.0  0.0  0.0  0.0 
0.0300   60.0  0.4300     8.91823              0.02698    9.1  11.6   8.7  17.1   2.7 -1.2 -0.2  0.4 -0.2  0.1  0.2  1.8 -0.3 -1.3 -1.0 -0.1  1.8  0.7  3.4 -0.1 -1.3  2.5  4.8 -0.2 -0.9  0.3 -0.6 -2.2  1.3 -1.1 -1.1  1.5  1.2  0.2 -0.1 -0.3 -0.2  0.6  0.0  0.0  0.0  0.0  0.0  0.0  0.0  0.0  0.0  0.0  0.0  0.0 
0.0300   90.0  0.0670     35.4017              0.03286   34.8  17.5   6.9  39.6   2.7 -1.2 -0.1  0.2 -0.0 -0.1 -0.3 -0.2 -0.4  2.2 -2.2 -1.5  0.8 -0.8  2.0  1.9 -1.3  0.8  1.8  0.3 -1.2  2.0 -0.7 -0.9  0.8 -1.2 -0.3 -1.3  0.6  0.4 -0.1  0.8 -0.1  0.6  0.0  0.0  0.0  0.0  0.0  0.0  0.0  0.0  0.0  0.0  0.0  0.0 
0.0300   90.0  0.1100     26.9848              0.03379   14.4  11.6   4.5  19.1   2.6 -1.2 -0.1  0.1 -0.1  0.1  0.1  1.4  0.1 -0.9 -0.7 -0.1 -0.1  0.9  1.4 -0.1  0.2  0.5  2.0 -0.1 -0.5  0.3 -0.3 -0.7  0.3 -0.5 -0.4  0.3  0.4  0.2 -0.0  0.0 -0.1  0.5  0.0  0.0  0.0  0.0  0.0  0.0  0.0  0.0  0.0  0.0  0.0  0.0 
0.0300   90.0  0.1700     20.9622              0.03622   10.5  11.5   6.0  16.7   2.6 -1.2 -0.1  0.2 -0.1  0.1 -0.0  1.4 -0.2 -1.1 -1.1 -0.1  0.7  1.5  1.9  0.1 -1.9  1.5  2.4  0.2 -0.8  0.9 -0.4 -1.1  0.7 -0.9 -0.5  0.1  0.7  0.2 -0.1  0.2 -0.2  0.6  0.0  0.0  0.0  0.0  0.0  0.0  0.0  0.0  0.0  0.0  0.0  0.0 
0.0300   90.0  0.2700     15.5991              0.02668   10.4  11.4   5.5  16.4   2.6 -1.2 -0.1  0.2 -0.1  0.2  0.1  1.1 -0.1 -0.9 -1.1 -0.1  1.5 -0.2  1.7  0.9 -1.6  1.6  1.6 -0.3 -0.5 -0.1 -0.6 -1.3  0.6 -0.8 -0.5  0.5  0.7  0.1 -0.0 -0.2 -0.2  0.6  0.0  0.0  0.0  0.0  0.0  0.0  0.0  0.0  0.0  0.0  0.0  0.0 
0.0300   90.0  0.4300     10.9226              0.03214   10.8  12.0   5.7  17.1   2.6 -1.2 -0.1  0.2 -0.1  0.1  0.3  1.7  0.1 -1.2 -0.5  0.0  1.0 -0.1  2.1  0.9  0.4  1.2  2.2 -0.5 -0.5  0.4 -0.7 -1.3  0.8 -1.1 -0.6  0.3  0.7  0.3 -0.1  0.2 -0.1  0.5  0.0  0.0  0.0  0.0  0.0  0.0  0.0  0.0  0.0  0.0  0.0  0.0 
0.0300   90.0  0.6700     6.65795              0.02818   21.3  12.2   7.9  25.8   2.7 -1.2 -0.2  0.3 -0.2  0.2  0.3  2.2 -0.2 -1.1  0.1  0.9  0.6  0.9  2.7 -1.1 -3.0  2.7  3.3 -0.1 -0.4 -0.3  0.1 -1.5  0.6 -0.4 -1.2  2.2  0.5  0.4 -0.0 -0.4 -0.2  0.6  0.0  0.0  0.0  0.0  0.0  0.0  0.0  0.0  0.0  0.0  0.0  0.0 
0.0300  200.0  0.1100     40.2266              0.03610    5.7  11.1   9.8  15.9   6.5  0.0  0.0  0.0  0.0  0.0  0.0  0.0  0.0  0.0  0.0  0.0  0.0  0.0  0.0  0.0  0.0  0.0  0.0  0.0  0.0  0.0  0.0  0.0  0.0  0.0  0.0  0.0  0.0  0.0  0.0  0.0  0.0  0.0  0.0  0.0  0.3  0.8 -0.8  0.9  1.8 -0.4  6.0 -2.4  1.9  0.4 
0.0300  200.0  0.1700     31.2485              0.03310    4.8  11.1   9.5  15.4   6.5  0.0  0.0  0.0  0.0  0.0  0.0  0.0  0.0  0.0  0.0  0.0  0.0  0.0  0.0  0.0  0.0  0.0  0.0  0.0  0.0  0.0  0.0  0.0  0.0  0.0  0.0  0.0  0.0  0.0  0.0  0.0  0.0  0.0  0.0  0.0  0.2  0.4 -0.7  0.9  1.8 -0.6  5.8 -2.3  1.7  0.6 
0.0300  200.0  0.2700     23.2538              0.02830    5.3  11.1   8.4  14.9   6.5  0.0  0.0  0.0  0.0  0.0  0.0  0.0  0.0  0.0  0.0  0.0  0.0  0.0  0.0  0.0  0.0  0.0  0.0  0.0  0.0  0.0  0.0  0.0  0.0  0.0  0.0  0.0  0.0  0.0  0.0  0.0  0.0  0.0  0.0  0.0  0.1  0.5 -0.8  0.8  1.7 -0.9  3.8 -2.1  1.4  0.2 
0.0300  200.0  0.4300     16.2824              0.03090    5.5  11.1   8.2  14.9   6.5  0.0  0.0  0.0  0.0  0.0  0.0  0.0  0.0  0.0  0.0  0.0  0.0  0.0  0.0  0.0  0.0  0.0  0.0  0.0  0.0  0.0  0.0  0.0  0.0  0.0  0.0  0.0  0.0  0.0  0.0  0.0  0.0  0.0  0.0  0.0 -0.5  1.2 -0.7  0.1  1.5 -1.0  3.7 -2.1  0.9 -0.1 
0.0300  200.0  0.6700     9.92509              0.02970    7.2  11.1  10.1  16.6   6.5  0.0  0.0  0.0  0.0  0.0  0.0  0.0  0.0  0.0  0.0  0.0  0.0  0.0  0.0  0.0  0.0  0.0  0.0  0.0  0.0  0.0  0.0  0.0  0.0  0.0  0.0  0.0  0.0  0.0  0.0  0.0  0.0  0.0  0.0  1.8 -1.0  2.8 -0.9 -1.2  0.8 -0.6  5.8 -2.6  0.2  0.5 
0.0300  400.0  0.2700     32.8859              0.03220    7.6  11.1   9.9  16.7   6.5  0.0  0.0  0.0  0.0  0.0  0.0  0.0  0.0  0.0  0.0  0.0  0.0  0.0  0.0  0.0  0.0  0.0  0.0  0.0  0.0  0.0  0.0  0.0  0.0  0.0  0.0  0.0  0.0  0.0  0.0  0.0  0.0  0.0  0.0  0.0 -0.4  0.6 -0.2  0.1  1.2 -0.8  6.9 -1.8  1.3 -0.3 
0.0300  400.0  0.4300     23.0268              0.02930    6.9  11.1   8.2  15.4   6.5  0.0  0.0  0.0  0.0  0.0  0.0  0.0  0.0  0.0  0.0  0.0  0.0  0.0  0.0  0.0  0.0  0.0  0.0  0.0  0.0  0.0  0.0  0.0  0.0  0.0  0.0  0.0  0.0  0.0  0.0  0.0  0.0  0.0  0.0  0.0 -0.7 -0.4 -0.1 -0.3  0.9 -0.8  4.1 -2.2  0.7 -0.2 
0.0300  400.0  0.6700     14.0362              0.02890    8.0  11.1  10.2  17.0   6.5  0.0  0.0  0.0  0.0  0.0  0.0  0.0  0.0  0.0  0.0  0.0  0.0  0.0  0.0  0.0  0.0  0.0  0.0  0.0  0.0  0.0  0.0  0.0  0.0  0.0  0.0  0.0  0.0  0.0  0.0  0.0  0.0  0.0  0.0  1.6 -0.9  1.2 -0.7 -0.9  1.1 -0.9  6.6 -2.1  0.5 -0.4 
0.0300  800.0  0.4300     32.5648              0.03910   13.1  11.1  10.3  20.1   6.5  0.0  0.0  0.0  0.0  0.0  0.0  0.0  0.0  0.0  0.0  0.0  0.0  0.0  0.0  0.0  0.0  0.0  0.0  0.0  0.0  0.0  0.0  0.0  0.0  0.0  0.0  0.0  0.0  0.0  0.0  0.0  0.0  0.0  0.0  0.0 -0.9  2.4 -1.2 -0.3  0.1 -0.5  7.1 -2.1  0.2 -0.4 
0.0300  800.0  0.6700     19.8502              0.02280   14.6  11.1  11.6  21.6   6.5  0.0  0.0  0.0  0.0  0.0  0.0  0.0  0.0  0.0  0.0  0.0  0.0  0.0  0.0  0.0  0.0  0.0  0.0  0.0  0.0  0.0  0.0  0.0  0.0  0.0  0.0  0.0  0.0  0.0  0.0  0.0  0.0  0.0  0.0  1.4 -0.1 -0.9  0.3 -0.5  0.2 -0.5  9.1 -2.1  0.1 -0.2 
0.0300 1600.0  0.6700     28.0724              0.02140   27.9  11.1  12.8  32.6   6.5  0.0  0.0  0.0  0.0  0.0  0.0  0.0  0.0  0.0  0.0  0.0  0.0  0.0  0.0  0.0  0.0  0.0  0.0  0.0  0.0  0.0  0.0  0.0  0.0  0.0  0.0  0.0  0.0  0.0  0.0  0.0  0.0  0.0  0.0  2.5 -1.6 -5.7 -3.2 -1.7 -0.4 -0.1  7.5 -2.6 -0.2 -0.3 
}}



Subsets { Q2 }

Cuts { }

TheoryFactors { }

ErrorSet                   "H1"
ErrorUnit                  percent

Errors {{
 ErrorName       Column          Correlation      Nature
  stat           stat             ESM0            P
  unc            unc              EYM0		  M
  d0             d0               EYM1        M
  d1             d1               EYM1        M
  d2             d2               EYM1        M
  d3             d3               EYM1        M
  d4             d4               EYM1        M
  d5             d5               EYM1        M
  d6             d6               EYM1        M
  d7             d7               EYM1        M
  d8             d8               EYM1        M
  d9             d9               EYM1        M
  d10            d10              EYM1        M
  d11            d11              EYM1        M
  d12            d12              EYM1        M
  d13            d13              EYM1        M
  d14            d14              EYM1        M
  d15            d15              EYM1        M
  d16            d16              EYM1        M
  d17            d17              EYM1        M
  d18            d18              EYM1        M
  d19            d19              EYM1        M
  d20            d20              EYM1        M
  d21            d21              EYM1        M
  d22            d22              EYM1        M
  d23            d23              EYM1        M
  d24            d24              EYM1        M
  d25            d25              EYM1        M
  d26            d26              EYM1        M
  d27            d27              EYM1        M
  d28            d28              EYM1        M
  d29            d29              EYM1        M
  d30            d30              EYM1        M
  d31            d31              EYM1        M
  d32            d32              EYM1        M
  d33            d33              EYM1        M
  d34            d34              EYM1        M
  d35            d35              EYM1        M
  d36            d36              EYM1        M
  d37            d37              EYM1        M
  d38            d38              EYM1        M
  d39            d39              EYM1        M
  d40            d40              EYM1        M
  d41            d41              EYM1        M
  d42            d42              EYM1        M
  d43            d43              EYM1        M
  d44            d44              EYM1        M
  d45            d45              EYM1        M
  d45            d45              EYM1        M
}}


