#-*-sh-*-
# 
# H1 HERA-II polarized data
# 

##########################################################
#  General parameters of this dataset 
##########################################################
AlposName                       "bla-33"  # A unique alpos name 
Description                    	"H1 CC e+p 99-00" #"data 9 CC zz"
Reference                       "EPJ C30 (2003) 1 [hep-ex/0304003] "# Used in JHEP 09 (2012) 061, arXiv:1206.7007" 
arXiv                           hep-ex/0304003
Inspire                         616311
Title                           "Measurement and QCD Analysis of Neutral and Charged Current Cross Sections at HERA "
Table                           12



########################################################## 
#  Theory function settings 
#
#  theory parameters, specific to this dataset 
#  not specified parameters are taken from default as
#  specified in the global steering file                                      
##########################################################          
# ---TheoryFunction                   QcdnumDISCS
sqrt-s                           318.       # sqrt-s only needed if y is not given in table
e-charge                         +1.
e-polarity                       0.
IsReducedCS                      false
IsNC                             false


##########################################################          
#
#   Data table
#
##########################################################          
#   ColumnName = 'x','y', 'Q2','reduced x-section', 'stat','uncor','ignore', 'corlum', 'V2','H2','N1','B2', 'xlum_5'
#   Percent = 2*false, 7*true

DataHERAFitter {{
"x"           "y"           "Q2"          "Sigma"       statNoPerc     UncorNoPerc   "ignore"  "corlum"  "V2"  "H2"  "N1"  "B2"  "xlum_5"
0.1300000E-01 0.2280328E+00 0.3000000E+03 0.7033200E+00 0.1427740E+00 0.0576721 0.1653176E+00 0.5 6.7 -2.2 -0.3 -4.9 1.41421
0.3200000E-01 0.9263834E-01 0.3000000E+03 0.2825700E+00 0.3871209E-01 0.0129982 0.4212663E-01 0.5 2.6 -1.4 1.0 -2.1 1.41421
0.8000000E-01 0.3705534E-01 0.3000000E+03 0.5846700E-01 0.1110873E-01 0.00350803 0.1193085E-01 0.5 1.0 -2.4 1.6 -3.2 1.41421
0.1300000E-01 0.3800547E+00 0.5000000E+03 0.5703800E+00 0.8327547E-01 0.0370747 0.9643639E-01 0.5 4.9 -1.4 0.4 -1.8 1.41421
0.3200000E-01 0.1543972E+00 0.5000000E+03 0.1887400E+00 0.2283754E-01 0.00736086 0.2455434E-01 0.5 1.8 -1.1 0.8 -1.6 1.41421
0.8000000E-01 0.6175889E-01 0.5000000E+03 0.4652800E-01 0.6234752E-02 0.00186112 0.6564572E-02 0.5 0.4 -0.7 1.9 -0.1 1.41421
0.1300000E+00 0.3800547E-01 0.5000000E+03 0.1936400E-01 0.4860364E-02 0.0012393 0.5054931E-02 0.5 0.2 -1.6 -2.2 -0.9 1.41421
0.3200000E-01 0.3087944E+00 0.1000000E+04 0.1206400E+00 0.1266720E-01 0.00458433 0.1388671E-01 0.5 1.9 -1.3 0.4 -0.8 1.41421
0.8000000E-01 0.1235178E+00 0.1000000E+04 0.4058900E-01 0.4140078E-02 0.00133944 0.4388307E-02 0.5 0.6 -0.7 0.8 0.0 1.41421
0.1300000E+00 0.7601095E-01 0.1000000E+04 0.1617800E-01 0.2669370E-02 0.000954503 0.2848477E-02 0.5 0.3 0.5 0.7 0.0 1.41421
0.2500000E+00 0.3952569E-01 0.1000000E+04 0.7941200E-02 0.1866182E-02 0.00127853 0.2295350E-02 0.5 0.0 2.4 -4.2 0.0 1.41421
0.3200000E-01 0.6175889E+00 0.2000000E+04 0.7621800E-01 0.7469364E-02 0.00304872 0.8240361E-02 0.5 2.1 0.1 0.8 -0.2 1.41421
0.8000000E-01 0.2470356E+00 0.2000000E+04 0.2279500E-01 0.2256705E-02 0.000820618 0.2418957E-02 0.5 0.8 -0.8 0.4 0.0 1.41421
0.1300000E+00 0.1520219E+00 0.2000000E+04 0.1675500E-01 0.1859805E-02 0.000871261 0.2096050E-02 0.5 0.1 -1.3 2.2 0.0 1.41421
0.2500000E+00 0.7905138E-01 0.2000000E+04 0.3367100E-02 0.6195464E-03 0.00023233 0.6668983E-03 0.5 0.0 -1.4 -1.5 0.0 1.41421
0.8000000E-01 0.3705534E+00 0.3000000E+04 0.2005300E-01 0.1744611E-02 0.000842225 0.1947723E-02 0.5 0.9 0.9 0.2 0.0 1.41421
0.1300000E+00 0.2280328E+00 0.3000000E+04 0.1073900E-01 0.1149073E-02 0.000408082 0.1246881E-02 0.5 0.2 1.2 1.7 0.0 1.41421
0.2500000E+00 0.1185771E+00 0.3000000E+04 0.2508800E-02 0.4089344E-03 0.000150528 0.4367114E-03 0.5 0.1 1.0 -0.4 0.0 1.41421
0.4000000E+00 0.7411067E-01 0.3000000E+04 0.5307700E-03 0.2006311E-03 7.53693e-05 0.2202855E-03 0.5 0.0 1.8 -9.4 0.0 1.41421
0.8000000E-01 0.6175889E+00 0.5000000E+04 0.8415600E-02 0.1161353E-02 0.00049652 0.1347153E-02 0.5 1.4 3.8 3.8 0.0 1.41421
0.1300000E+00 0.3800547E+00 0.5000000E+04 0.5302700E-02 0.6522321E-03 0.000270438 0.7163553E-03 0.5 0.4 2.2 0.5 0.0 1.41421
0.2500000E+00 0.1976285E+00 0.5000000E+04 0.1920200E-02 0.2726684E-03 0.000101771 0.2939474E-03 0.5 0.1 1.4 0.9 0.0 1.41421
0.4000000E+00 0.1235178E+00 0.5000000E+04 0.2614800E-03 0.8707283E-04 2.48406e-05 0.9126589E-04 0.5 0.0 4.5 -0.5 0.0 1.41421
0.1300000E+00 0.6080876E+00 0.8000000E+04 0.1781600E-02 0.3616648E-03 0.000203102 0.4258956E-03 0.5 0.6 4.7 2.7 0.0 1.41421
0.2500000E+00 0.3162055E+00 0.8000000E+04 0.9025000E-03 0.1561325E-03 8.57374e-05 0.1850675E-03 0.5 0.0 5.3 2.2 0.0 1.41421
0.4000000E+00 0.1976285E+00 0.8000000E+04 0.1522000E-03 0.6209760E-04 3.83544e-05 0.7366873E-04 0.5 0.0 6.6 0.2 0.0 1.41421
0.2500000E+00 0.5928854E+00 0.1500000E+05 0.1258300E-03 0.4756374E-04 1.88745e-05 0.5184577E-04 0.5 0.3 6.5 1.7 0.0 1.41421
0.4000000E+00 0.3705533E+00 0.1500000E+05 0.1169100E-03 0.3367008E-04 2.57202e-05 0.4326065E-04 0.5 0.0 7.4 1.3 0.0 1.41421
}}

Data {{ # values for 'y' are slightly differently
   Q2    x      y   Sigma  phi_CC stat  sys  tot  unc  u^h cor c^V+ c^h+ c^N+ c^B+ radc
#  GeV2             pb/GeV2          %    %    %    %    %   %   %    %    %    %     %
  300 0.0130 0.227 0.703E+0 1.184 20.3 11.8 23.5  8.2  1.5 8.6 6.7 -2.2 -0.3 -4.9   0.3 
  300 0.0320 0.092 0.283E+0 1.171 13.7  5.9 14.9  4.6  1.3 3.8 2.6 -1.4  1.0 -2.1   0.4 
  300 0.0800 0.037 0.585E-1 0.606 19.0  7.4 20.4  6.0  2.9 4.5 1.0 -2.4  1.6 -3.2   5.2  
  500 0.0130 0.379 0.570E+0 1.018 14.6  8.5 16.9  6.5  2.3 5.4 4.9 -1.4  0.4 -1.8  -4.4 
  500 0.0320 0.154 0.189E+0 0.829 12.1  4.8 13.0  3.9  1.2 2.8 1.8 -1.1  0.8 -1.6  -0.7 
  500 0.0800 0.062 0.465E-1 0.511 13.4  4.4 14.1  4.0  0.4 2.0 0.4 -0.7  1.9 -0.1  -0.7 
  500 0.1300 0.038 0.194E-1 0.346 25.1  7.2 26.1  6.4  2.2 2.9 0.2 -1.6 -2.2 -0.9  -3.5  
 1000 0.0320 0.308 0.121E+0 0.609 10.5  4.7 11.5  3.8  1.3 2.5 1.9 -1.3  0.4 -0.8  -3.1 
 1000 0.0800 0.123 0.406E-1 0.512 10.2  3.5 10.8  3.3  0.6 1.2 0.6 -0.7  0.8  0.0  -0.4 
 1000 0.1300 0.076 0.162E-1 0.332 16.5  6.1 17.6  5.9  0.5 0.9 0.3  0.5  0.7  0.0  -2.5 
 1000 0.2500 0.039 0.794E-2 0.313 23.5 16.8 28.9 16.1  2.0 4.9 0.0  2.4 -4.2  0.0  -4.9  
 2000 0.0320 0.615 0.762E-1 0.495  9.8  4.5 10.8  4.0  0.2 2.3 2.1  0.1  0.8 -0.2  -5.6 
 2000 0.0800 0.246 0.228E-1 0.370  9.9  3.8 10.6  3.6  0.6 1.2 0.8 -0.8  0.4  0.0  -3.1 
 2000 0.1300 0.152 0.168E-1 0.442 11.1  5.7 12.5  5.2  2.0 2.6 0.1 -1.3  2.2  0.0  -5.0 
 2000 0.2500 0.079 0.337E-2 0.171 18.4  7.3 19.8  6.9  0.3 2.0 0.0 -1.4 -1.5  0.0 -10.0  
 3000 0.0800 0.369 0.201E-1 0.407  8.7  4.3  9.7  4.2  1.2 1.4 0.9  0.9  0.2  0.0  -7.5 
 3000 0.1300 0.227 0.107E-1 0.354 10.7  4.5 11.6  3.8  1.1 2.1 0.2  1.2  1.7  0.0  -3.9 
 3000 0.2500 0.118 0.251E-2 0.159 16.3  6.1 17.4  6.0  0.4 1.1 0.1  1.0 -0.4  0.0  -5.7 
 3000 0.4000 0.074 0.531E-3 0.054 37.8 17.1 41.5 14.2  3.9 9.6 0.0  1.8 -9.4  0.0 -12.6  
 5000 0.0800 0.615 0.842E-2 0.250 13.8  8.1 16.0  5.9  1.8 5.6 1.4  3.8  3.8  0.0 -13.0 
 5000 0.1300 0.379 0.530E-2 0.256 12.3  5.6 13.5  5.1  2.5 2.3 0.4  2.2  0.5  0.0 -13.8 
 5000 0.2500 0.197 0.192E-2 0.179 14.2  5.7 15.3  5.3  3.0 1.7 0.1  1.4  0.9  0.0  -9.8 
 5000 0.4000 0.123 0.261E-3 0.039 33.3 10.4 34.9  9.5  4.0 4.6 0.0  4.5 -0.5  0.0  -4.6  
 8000 0.1300 0.606 0.178E-2 0.137 20.3 12.6 23.9 11.4  5.1 5.4 0.6  4.7  2.7  0.0 -13.0 
 8000 0.2500 0.315 0.903E-3 0.134 17.3 11.0 20.5  9.5  8.1 5.8 0.0  5.3  2.2  0.0  -8.6 
 8000 0.4000 0.197 0.152E-3 0.036 40.8 26.0 48.4 25.2 14.5 6.6 0.0  6.6  0.2  0.0 -14.8  
15000 0.2500 0.591 0.126E-3 0.041 37.8 16.4 41.2 15.0 13.6 6.8 0.3  6.5  1.7  0.0 -16.0 
15000 0.4000 0.369 0.117E-3 0.061 28.8 23.2 37.0 22.0 13.4 7.6 0.0  7.4  1.3  0.0 -14.7  
}}


Subsets { Q2 }

Cuts { }

TheoryFactors { }

ErrorSet                   "H1"
ErrorUnit                  percent

Errors {{
 ErrorName       Column           Correlation      Nature
  Stat            stat              0               P
  unc             unc               0               M
  V2              c^V+              1               M
  H2              c^h+              1               M 
  N1              c^N+              1               M 
  B2              c^B+              1               M 
  corlum          0.5              1                M
  xlum_5          1.41421          1                M
}}


